Department,Course,Section,A,B,C,D,F,A-F,GPA,I,S,U,Q,X,Total,Instructor,College,Semester,Year
AERO,201,200,5,13,7,0,0,25,2.920,0,0,0,0,0,25,SHRYOCK K,ENGINEERING,FALL,2021
AERO,201,201,4,15,5,0,0,24,2.958,0,0,0,1,0,25,SHRYOCK K,ENGINEERING,FALL,2021
AERO,201,500,6,23,14,1,1,45,2.711,0,0,0,0,0,45,SHRYOCK K,ENGINEERING,FALL,2021
AERO,201,501,6,15,8,4,0,33,2.696,0,0,0,2,0,35,SHRYOCK K,ENGINEERING,FALL,2021
AERO,201,502,2,13,10,3,1,29,2.413,0,0,0,2,0,31,VALASEK J,ENGINEERING,FALL,2021
AERO,201,503,1,7,9,9,3,29,1.793,0,0,0,4,0,33,VALASEK J,ENGINEERING,FALL,2021
AERO,201,504,2,11,14,3,1,31,2.322,0,0,0,2,0,33,VALASEK J,ENGINEERING,FALL,2021
AERO,211,200,31,15,1,0,0,47,3.638,0,0,0,0,0,47,MOBLE B,ENGINEERING,FALL,2021
AERO,211,500,24,16,7,0,0,47,3.361,0,0,0,1,0,48,MOBLE B,ENGINEERING,FALL,2021
AERO,211,501,5,11,13,2,1,32,2.531,0,0,0,1,0,33,BHATTACHARYA R,ENGINEERING,FALL,2021
AERO,211,504,30,34,20,3,2,89,2.977,0,0,0,3,0,92,GUZMAN F,ENGINEERING,FALL,2021
AERO,212,200,8,14,2,0,0,24,3.250,0,0,0,5,0,29,BOYD J,ENGINEERING,FALL,2021
AERO,212,500,4,13,16,3,1,37,2.432,0,0,0,31,0,68,BOYD J,ENGINEERING,FALL,2021
AERO,212,502,7,20,17,2,3,49,2.530,0,0,0,48,0,97,BOYD J,ENGINEERING,FALL,2021
AERO,214,500,1,9,6,2,2,20,2.250,0,0,0,0,0,20,NARAGHI M,ENGINEERING,FALL,2021
AERO,214,501,1,3,8,3,1,16,2.000,0,0,0,1,0,17,NARAGHI M,ENGINEERING,FALL,2021
AERO,214,502,2,6,5,2,0,15,2.533,0,0,0,0,0,15,NARAGHI M,ENGINEERING,FALL,2021
AERO,222,500,11,12,6,1,0,30,3.100,0,0,0,1,0,31,MORTARI D,ENGINEERING,FALL,2021
AERO,222,501,10,9,8,0,1,28,2.964,0,0,0,2,0,30,MORTARI D,ENGINEERING,FALL,2021
AERO,301,200,13,7,1,0,0,21,3.571,0,0,0,0,0,21,TROPINA A,ENGINEERING,FALL,2021
AERO,301,500,37,16,8,2,0,63,3.396,0,0,0,2,0,65,TROPINA A,ENGINEERING,FALL,2021
AERO,301,501,23,18,14,0,2,57,3.052,0,0,0,0,0,57,STRGANAC T,ENGINEERING,FALL,2021
AERO,303,500,8,13,13,6,2,42,2.452,0,0,0,1,0,43,REED H,ENGINEERING,FALL,2021
AERO,304,200,8,2,0,0,0,10,3.800,0,0,0,0,0,10,BENZERGA A,ENGINEERING,FALL,2021
AERO,304,500,15,20,10,4,2,51,2.823,0,0,0,7,0,58,BENZERGA A,ENGINEERING,FALL,2021
AERO,304,501,19,40,10,7,0,76,2.934,0,0,0,8,0,84,TALREJA R,ENGINEERING,FALL,2021
AERO,306,500,2,13,18,4,1,38,2.289,0,0,0,2,0,40,WHITCOMB J,ENGINEERING,FALL,2021
AERO,306,502,31,14,1,2,0,48,3.541,0,0,0,1,0,49,STROUBOULIS T,ENGINEERING,FALL,2021
AERO,307,900,18,1,0,0,0,19,3.947,0,0,0,0,0,19,JACKSON S,ENGINEERING,FALL,2021
AERO,307,901,17,2,0,0,0,19,3.894,0,0,0,0,0,19,JACKSON S,ENGINEERING,FALL,2021
AERO,307,902,9,8,1,0,0,18,3.444,0,0,0,1,0,19,JACKSON S,ENGINEERING,FALL,2021
AERO,307,903,11,5,5,0,0,21,3.285,0,0,0,0,0,21,JACKSON S,ENGINEERING,FALL,2021
AERO,307,904,15,2,0,0,0,17,3.882,0,0,0,2,0,19,JACKSON S,ENGINEERING,FALL,2021
AERO,307,905,13,2,2,0,0,17,3.647,0,0,0,1,0,18,JACKSON S,ENGINEERING,FALL,2021
AERO,307,906,11,5,0,0,0,16,3.687,0,0,0,0,0,16,JACKSON S,ENGINEERING,FALL,2021
AERO,310,500,32,31,11,3,1,78,3.153,0,0,0,2,0,80,MAJJI M,ENGINEERING,FALL,2021
AERO,310,501,19,27,4,2,0,52,3.211,0,0,0,28,0,80,CHAKRAVORTY S,ENGINEERING,FALL,2021
AERO,321,500,5,23,33,5,5,71,2.253,0,0,0,6,0,77,VADALI S,ENGINEERING,FALL,2021
AERO,351,500,1,5,16,0,2,24,2.125,0,0,0,17,0,41,CIZMAS P,ENGINEERING,FALL,2021
AERO,401,931,77,7,1,0,2,87,3.804,0,0,0,0,0,87,WORSHAM B,ENGINEERING,FALL,2021
AERO,401,932,87,4,0,0,0,91,3.956,0,0,0,1,0,92,WORSHAM B,ENGINEERING,FALL,2021
AERO,405,500,9,10,2,0,0,21,3.333,0,0,0,0,0,21,HARTL D,ENGINEERING,FALL,2021
AERO,413,501,27,38,20,7,0,92,2.923,0,0,0,0,0,92,WONG Z,ENGINEERING,FALL,2021
AERO,414,500,10,4,1,0,0,15,3.600,0,0,0,0,0,15,DIAZ ARTILES A,ENGINEERING,FALL,2021
AERO,419,500,19,23,4,2,0,48,3.229,0,0,0,0,0,48,KARPETIS A,ENGINEERING,FALL,2021
AERO,420,500,9,5,5,1,0,20,3.100,0,0,0,0,0,20,STRGANAC T,ENGINEERING,FALL,2021
AERO,422,500,39,27,9,4,0,79,3.278,0,0,0,0,0,79,DESHPANDE V,ENGINEERING,FALL,2021
AERO,423,500,22,20,6,0,4,52,3.076,0,0,0,1,0,53,ALFRIEND K,ENGINEERING,FALL,2021
AERO,423,501,39,25,9,2,0,75,3.346,0,0,0,0,0,75,CHAMITOFF G,ENGINEERING,FALL,2021
AERO,424,500,10,8,3,0,0,21,3.333,0,0,0,1,0,22,SELVA VALERO D,ENGINEERING,FALL,2021
AERO,428,500,8,1,0,0,0,9,3.888,0,0,0,0,0,9,CHAKRAVORTY S,ENGINEERING,FALL,2021
AERO,430,500,26,12,6,1,1,46,3.326,0,0,0,5,0,51,STROUBOULIS T,ENGINEERING,FALL,2021
AERO,435,500,10,4,0,0,0,14,3.714,0,0,0,0,0,14,LIMBACH C,ENGINEERING,FALL,2021
AERO,452,500,21,26,14,1,4,66,2.893,0,0,0,3,0,69,DONZIS D,ENGINEERING,FALL,2021
AERO,455,500,12,22,2,0,0,36,3.277,0,0,0,0,0,36,MOBLE B,ENGINEERING,FALL,2021
AERO,472,500,10,16,16,5,1,48,2.604,0,0,0,4,0,52,WHITE E,ENGINEERING,FALL,2021
AERO,485,510,6,0,0,0,0,6,4.000,0,0,0,0,0,6,SHRYOCK K,ENGINEERING,FALL,2021
AERO,485,511,8,0,0,0,0,8,4.000,0,0,0,0,0,8,STROUD H,ENGINEERING,FALL,2021
AERO,601,600,10,12,8,2,0,32,2.937,0,0,0,4,0,36,WHITE E,ENGINEERING,FALL,2021
AERO,601,700,3,1,2,0,0,6,3.166,0,0,0,3,0,9,WHITE E,ENGINEERING,FALL,2021
AERO,603,600,11,21,6,2,0,40,3.025,0,0,0,17,0,57,BOYD J,ENGINEERING,FALL,2021
AERO,604,600,9,5,2,0,0,16,3.437,0,0,0,0,0,16,HARTL D,ENGINEERING,FALL,2021
AERO,606,600,9,5,0,0,0,14,3.642,0,0,0,0,0,14,NARAGHI M,ENGINEERING,FALL,2021
AERO,614,600,21,1,0,0,0,22,3.954,0,0,0,0,0,22,DIAZ ARTILES A,ENGINEERING,FALL,2021
AERO,622,600,19,35,11,1,0,66,3.090,0,0,0,0,0,66,DEMARS K,ENGINEERING,FALL,2021
AERO,622,700,0,3,2,0,0,5,2.600,0,0,0,0,0,5,DEMARS K,ENGINEERING,FALL,2021
AERO,643,600,11,8,2,1,0,22,3.318,4,0,0,0,0,26,DONZIS D,ENGINEERING,FALL,2021
AERO,655,600,11,3,0,0,0,14,3.785,1,0,0,0,0,15,MOBLE B,ENGINEERING,FALL,2021
AERO,676,600,17,8,0,0,0,25,3.680,0,0,0,1,0,26,LIMBACH C,ENGINEERING,FALL,2021
MEMA,602,600,3,2,0,0,0,5,3.600,0,0,0,0,0,5,BOYD J,ENGINEERING,FALL,2021
MEMA,646,600,1,1,1,2,0,5,2.200,0,0,0,2,0,7,WHITCOMB J,ENGINEERING,FALL,2021
BMEN,153,900,61,9,1,1,1,73,3.753,0,0,0,1,0,74,CARRELL T,ENGINEERING,FALL,2021
BMEN,153,901,59,11,0,0,0,70,3.842,0,0,0,1,0,71,CARRELL T,ENGINEERING,FALL,2021
BMEN,207,200,10,3,1,0,0,14,3.642,0,0,0,0,0,14,HANKS J,ENGINEERING,FALL,2021
BMEN,207,201,12,2,1,0,0,15,3.733,0,0,0,0,0,15,HANKS J,ENGINEERING,FALL,2021
BMEN,207,500,25,22,5,0,2,54,3.259,0,0,0,3,0,57,HANKS J,ENGINEERING,FALL,2021
BMEN,207,501,24,29,5,2,0,60,3.250,0,0,0,6,0,66,HANKS J,ENGINEERING,FALL,2021
BMEN,305,501,8,8,1,0,0,17,3.411,0,0,0,0,0,17,TOFIGHI ZAVAREH A,ENGINEERING,FALL,2021
BMEN,305,502,9,11,0,0,0,20,3.450,0,0,0,0,0,20,TOFIGHI ZAVAREH A,ENGINEERING,FALL,2021
BMEN,305,503,13,6,0,0,0,19,3.684,0,0,0,1,0,20,TOFIGHI ZAVAREH A,ENGINEERING,FALL,2021
BMEN,305,504,0,4,5,1,0,10,2.300,0,0,0,0,0,10,TOFIGHI ZAVAREH A,ENGINEERING,FALL,2021
BMEN,305,505,0,11,2,0,0,13,2.846,0,0,0,0,0,13,TOFIGHI ZAVAREH A,ENGINEERING,FALL,2021
BMEN,305,506,3,15,2,0,0,20,3.050,0,0,0,0,0,20,TOFIGHI ZAVAREH A,ENGINEERING,FALL,2021
BMEN,305,509,6,14,0,0,0,20,3.300,0,0,0,0,0,20,TOFIGHI ZAVAREH A,ENGINEERING,FALL,2021
BMEN,305,510,1,8,1,0,0,10,3.000,0,0,0,0,0,10,TOFIGHI ZAVAREH A,ENGINEERING,FALL,2021
BMEN,305,511,1,9,0,0,0,10,3.100,0,0,0,0,0,10,TOFIGHI ZAVAREH A,ENGINEERING,FALL,2021
BMEN,305,512,0,6,4,0,0,10,2.600,0,0,0,0,0,10,TOFIGHI ZAVAREH A,ENGINEERING,FALL,2021
BMEN,321,500,22,16,9,0,0,47,3.276,0,0,0,5,0,52,PEAK C,ENGINEERING,FALL,2021
BMEN,321,501,12,24,20,1,1,58,2.775,1,0,0,8,0,67,PEAK C,ENGINEERING,FALL,2021
BMEN,321,502,3,10,8,0,0,21,2.761,0,0,0,3,0,24,PEAK C,ENGINEERING,FALL,2021
BMEN,341,200,13,1,0,0,0,14,3.928,0,0,0,0,0,14,HORN J,ENGINEERING,FALL,2021
BMEN,341,500,48,14,5,0,0,67,3.641,0,0,0,1,0,68,HORN J,ENGINEERING,FALL,2021
BMEN,343,200,19,2,0,0,0,21,3.904,0,0,0,0,0,21,RAGHAVAN S,ENGINEERING,FALL,2021
BMEN,343,201,9,1,0,0,0,10,3.900,0,0,0,0,0,10,RAGHAVAN S,ENGINEERING,FALL,2021
BMEN,343,500,40,13,5,0,0,58,3.603,0,0,0,0,0,58,RAGHAVAN S,ENGINEERING,FALL,2021
BMEN,343,501,20,13,2,0,0,35,3.514,0,0,0,0,0,35,RAGHAVAN S,ENGINEERING,FALL,2021
BMEN,343,502,21,14,6,1,0,42,3.309,0,0,0,3,0,45,GRUNLAN M,ENGINEERING,FALL,2021
BMEN,350,201,4,1,0,0,0,5,3.800,0,0,0,1,0,6,PATRICK C,ENGINEERING,FALL,2021
BMEN,350,500,37,6,2,0,0,45,3.777,0,0,0,1,0,46,PATRICK C,ENGINEERING,FALL,2021
BMEN,350,501,61,10,2,0,0,73,3.808,0,0,0,4,0,77,PATRICK C,ENGINEERING,FALL,2021
BMEN,361,500,30,31,14,3,0,78,3.128,0,0,0,1,0,79,TIAN L,ENGINEERING,FALL,2021
BMEN,404,500,33,5,0,0,0,38,3.868,0,0,0,0,0,38,MCSHANE M,ENGINEERING,FALL,2021
BMEN,420,500,15,14,9,0,0,38,3.157,0,0,0,4,1,43,YAKOVLEV V,ENGINEERING,FALL,2021
BMEN,422,500,12,4,3,0,0,19,3.473,0,0,0,0,0,19,WALSH A,ENGINEERING,FALL,2021
BMEN,425,500,9,10,2,0,0,21,3.333,0,0,0,0,0,21,MAITLAND K,ENGINEERING,FALL,2021
BMEN,432,500,17,17,4,0,0,38,3.342,0,0,0,6,0,44,HWANG W,ENGINEERING,FALL,2021
BMEN,450,900,23,1,0,0,0,24,3.958,0,0,0,3,0,27,MAITLAND D,ENGINEERING,FALL,2021
BMEN,452,500,43,1,1,0,0,45,3.933,0,0,0,0,0,45,MATHUR T,ENGINEERING,FALL,2021
BMEN,452,501,21,7,2,0,0,30,3.633,0,0,0,0,0,30,CEYLAN KOYDEMIR H,ENGINEERING,FALL,2021
BMEN,453,500,83,1,0,0,0,84,3.988,0,0,0,0,0,84,PEAK C,ENGINEERING,FALL,2021
BMEN,453,501,77,0,0,0,0,77,4.000,0,0,0,0,0,77,PEAK C,ENGINEERING,FALL,2021
BMEN,457,500,29,3,0,0,0,32,3.906,0,0,0,0,0,32,AVAZMOHAMMADI R,ENGINEERING,FALL,2021
BMEN,465,908,18,1,0,0,0,19,3.947,0,0,0,0,0,19,JESSEN S,ENGINEERING,FALL,2021
BMEN,465,909,20,0,0,0,0,20,4.000,0,0,0,0,0,20,JESSEN S,ENGINEERING,FALL,2021
BMEN,465,910,20,0,0,0,0,20,4.000,0,0,0,0,0,20,JESSEN S,ENGINEERING,FALL,2021
BMEN,465,911,15,2,1,0,0,18,3.777,0,0,0,0,0,18,JESSEN S,ENGINEERING,FALL,2021
BMEN,465,912,20,0,0,0,0,20,4.000,0,0,0,0,0,20,JESSEN S,ENGINEERING,FALL,2021
BMEN,465,913,20,0,0,0,0,20,4.000,0,0,0,0,0,20,JESSEN S,ENGINEERING,FALL,2021
BMEN,465,914,20,0,0,0,0,20,4.000,0,0,0,0,0,20,JESSEN S,ENGINEERING,FALL,2021
BMEN,465,915,16,1,0,0,0,17,3.941,0,0,0,0,0,17,JESSEN S,ENGINEERING,FALL,2021
BMEN,482,200,3,2,0,0,0,5,3.600,0,0,0,0,0,5,MABBOTT S,ENGINEERING,FALL,2021
BMEN,482,500,14,23,7,0,0,44,3.159,0,0,0,1,0,45,MABBOTT S,ENGINEERING,FALL,2021
BMEN,487,500,31,22,3,0,0,56,3.500,0,0,0,2,0,58,GAHARWAR A,ENGINEERING,FALL,2021
BMEN,489,500,10,0,0,0,0,10,4.000,0,0,0,0,0,10,HANKS J,ENGINEERING,FALL,2021
BMEN,491,526,5,0,0,0,0,5,4.000,0,0,0,0,0,5,WALSH A,ENGINEERING,FALL,2021
BMEN,491,537,7,0,0,0,0,7,4.000,0,0,0,0,0,7,MORENO M,ENGINEERING,FALL,2021
BMEN,604,600,19,6,0,0,0,25,3.760,0,0,0,0,0,25,MCSHANE M,ENGINEERING,FALL,2021
BMEN,622,600,8,0,0,1,0,9,3.666,0,0,0,0,0,9,WALSH A,ENGINEERING,FALL,2021
BMEN,625,600,19,2,1,0,0,22,3.818,0,0,0,0,0,22,MAITLAND K,ENGINEERING,FALL,2021
BMEN,632,600,7,5,0,0,0,12,3.583,0,0,0,1,0,13,HWANG W,ENGINEERING,FALL,2021
BMEN,637,600,43,1,0,0,0,44,3.977,0,0,0,0,0,44,JESSEN S,ENGINEERING,FALL,2021
BMEN,643,600,27,5,0,0,0,32,3.843,1,0,0,0,0,33,HARIDAS B,ENGINEERING,FALL,2021
BMEN,657,600,13,0,0,0,0,13,4.000,0,0,0,0,0,13,AVAZMOHAMMADI R,ENGINEERING,FALL,2021
BMEN,676,601,32,0,0,0,0,32,4.000,0,0,0,0,0,32,HANKS J,ENGINEERING,FALL,2021
BMEN,682,600,21,0,0,0,0,21,4.000,0,0,0,0,0,21,MABBOTT S,ENGINEERING,FALL,2021
BMEN,685,600,19,0,0,0,0,19,4.000,0,0,0,0,0,19,MAITLAND K,ENGINEERING,FALL,2021
BMEN,687,600,13,0,0,0,0,13,4.000,0,0,0,2,0,15,GAHARWAR A,ENGINEERING,FALL,2021
BMEN,689,600,6,0,0,0,0,6,4.000,0,0,0,0,0,6,HANKS J,ENGINEERING,FALL,2021
BIOT,635,600,14,12,2,0,0,28,3.428,0,0,0,1,0,29,WOODARD S,ENGINEERING,FALL,2021
BIOT,645,600,15,0,1,0,0,16,3.875,0,0,0,0,0,16,YOUNG C,ENGINEERING,FALL,2021
BIOT,645,601,15,0,0,0,0,15,4.000,0,0,0,0,0,15,YOUNG C,ENGINEERING,FALL,2021
CHEN,204,201,4,1,0,0,0,5,3.800,0,0,0,0,0,5,JAYARAMAN A,ENGINEERING,FALL,2021
CHEN,204,202,9,0,0,0,0,9,4.000,0,0,0,0,0,9,GAGNON Z,ENGINEERING,FALL,2021
CHEN,204,203,6,3,0,0,0,9,3.666,0,0,0,0,0,9,AYDOGMUS T,ENGINEERING,FALL,2021
CHEN,204,501,8,13,19,7,0,47,2.468,0,0,0,7,0,54,JAYARAMAN A,ENGINEERING,FALL,2021
CHEN,204,502,64,19,5,1,0,89,3.640,0,0,0,1,0,90,GAGNON Z,ENGINEERING,FALL,2021
CHEN,204,503,11,12,12,7,0,42,2.642,0,0,0,1,0,43,AYDOGMUS T,ENGINEERING,FALL,2021
CHEN,205,500,12,16,5,1,2,36,2.972,0,0,0,0,0,36,REEVES G,ENGINEERING,FALL,2021
CHEN,304,200,5,2,0,0,0,7,3.714,0,0,0,0,0,7,MASHUGA C,ENGINEERING,FALL,2021
CHEN,304,201,7,2,0,0,0,9,3.777,0,0,0,0,0,9,SENTMANAT M,ENGINEERING,FALL,2021
CHEN,304,500,44,33,5,0,0,82,3.475,0,0,0,1,0,83,MASHUGA C,ENGINEERING,FALL,2021
CHEN,304,501,28,42,18,0,0,88,3.113,0,0,0,0,0,88,SENTMANAT M,ENGINEERING,FALL,2021
CHEN,304,502,7,7,2,0,0,16,3.312,0,0,0,0,0,16,ZHU X,ENGINEERING,FALL,2021
CHEN,320,201,5,3,1,0,0,9,3.444,0,0,0,0,0,9,GREEN M,ENGINEERING,FALL,2021
CHEN,320,500,10,9,5,3,1,28,2.857,0,0,0,2,0,30,KUO Y,ENGINEERING,FALL,2021
CHEN,320,501,32,41,13,0,2,88,3.147,0,0,0,1,0,89,GREEN M,ENGINEERING,FALL,2021
CHEN,320,502,13,34,11,0,0,58,3.034,0,0,0,3,0,61,WU H,ENGINEERING,FALL,2021
CHEN,322,201,5,2,1,0,0,8,3.500,0,0,0,0,0,8,VADDIRAJU S,ENGINEERING,FALL,2021
CHEN,322,500,25,14,7,4,0,50,3.200,0,0,0,16,0,66,TAMAMIS P,ENGINEERING,FALL,2021
CHEN,322,501,12,46,24,3,0,85,2.788,2,0,0,1,0,88,VADDIRAJU S,ENGINEERING,FALL,2021
CHEN,323,500,11,22,15,3,1,52,2.750,0,0,0,2,0,54,AKBULUT M,ENGINEERING,FALL,2021
CHEN,324,500,15,26,21,0,0,62,2.903,0,0,0,2,0,64,WILHITE B,ENGINEERING,FALL,2021
CHEN,354,202,1,2,3,0,0,6,2.666,0,0,0,0,0,6,JEONG H,ENGINEERING,FALL,2021
CHEN,354,500,12,13,25,4,0,54,2.611,0,0,0,2,0,56,BALBUENA P,ENGINEERING,FALL,2021
CHEN,354,501,10,29,14,2,0,55,2.854,0,0,0,1,0,56,HOLTZAPPLE M,ENGINEERING,FALL,2021
CHEN,354,502,16,23,30,7,4,80,2.500,0,0,0,9,0,89,JEONG H,ENGINEERING,FALL,2021
CHEN,364,501,29,34,21,0,1,85,3.058,0,0,0,0,0,85,WANG Q,ENGINEERING,FALL,2021
CHEN,422,500,8,7,1,0,1,17,3.235,0,0,0,1,0,18,MOREIRA R,ENGINEERING,FALL,2021
CHEN,425,501,68,25,4,0,0,97,3.659,0,0,0,0,0,97,RODDEN J,ENGINEERING,FALL,2021
CHEN,425,502,30,38,6,0,0,74,3.324,0,0,0,0,0,74,HASAN M,ENGINEERING,FALL,2021
CHEN,426,500,60,1,0,0,0,61,3.983,0,0,0,0,0,61,HILALY A,ENGINEERING,FALL,2021
CHEN,426,501,22,1,0,0,0,23,3.956,0,0,0,0,0,23,TSEREGOUNIS S,ENGINEERING,FALL,2021
CHEN,430,500,25,3,2,1,0,31,3.677,0,0,0,1,0,32,HALIM S,ENGINEERING,FALL,2021
CHEN,432,900,20,0,0,0,0,20,4.000,0,0,0,0,0,20,AYDOGMUS T,ENGINEERING,FALL,2021
CHEN,432,901,19,0,0,0,0,19,4.000,0,0,0,0,0,19,AYDOGMUS T,ENGINEERING,FALL,2021
CHEN,432,903,20,0,0,0,0,20,4.000,0,0,0,0,0,20,AYDOGMUS T,ENGINEERING,FALL,2021
CHEN,432,904,19,0,0,0,0,19,4.000,0,0,0,0,0,19,ALAM M,ENGINEERING,FALL,2021
CHEN,432,905,17,1,0,0,0,18,3.944,0,0,0,0,0,18,ALAM M,ENGINEERING,FALL,2021
CHEN,432,906,18,1,0,0,0,19,3.947,0,0,0,0,0,19,ALAM M,ENGINEERING,FALL,2021
CHEN,432,907,11,3,0,0,0,14,3.785,0,0,0,0,0,14,ALAM M,ENGINEERING,FALL,2021
CHEN,432,908,20,0,0,0,0,20,4.000,0,0,0,0,0,20,AYDOGMUS T,ENGINEERING,FALL,2021
CHEN,432,909,19,1,0,0,0,20,3.950,0,0,0,0,0,20,RODDEN J,ENGINEERING,FALL,2021
CHEN,433,901,12,7,0,0,0,19,3.631,0,0,0,0,0,19,BLIZZARD G,ENGINEERING,FALL,2021
CHEN,433,902,18,2,0,0,0,20,3.900,0,0,0,0,0,20,BLIZZARD G,ENGINEERING,FALL,2021
CHEN,433,903,18,2,0,0,0,20,3.900,0,0,0,0,0,20,WHITE J,ENGINEERING,FALL,2021
CHEN,433,904,12,4,0,0,0,16,3.750,0,0,0,0,0,16,WHITE J,ENGINEERING,FALL,2021
CHEN,433,905,5,3,0,0,0,8,3.625,0,0,0,0,0,8,WHITE J,ENGINEERING,FALL,2021
CHEN,450,501,30,0,0,0,0,30,4.000,0,0,0,1,0,31,UGAZ V,ENGINEERING,FALL,2021
CHEN,455,500,26,14,4,1,0,45,3.444,0,0,0,0,0,45,MASHUGA C,ENGINEERING,FALL,2021
CHEN,461,500,37,27,29,0,0,93,3.086,0,0,0,5,0,98,KRAVARIS C,ENGINEERING,FALL,2021
CHEN,461,501,27,25,18,4,2,76,2.934,0,0,0,3,0,79,KWON J,ENGINEERING,FALL,2021
CHEN,471,500,27,4,0,0,0,31,3.870,0,0,0,0,0,31,SUN Q,ENGINEERING,FALL,2021
CHEN,481,501,20,1,0,0,0,21,3.952,0,0,0,0,0,21,SENTMANAT M,ENGINEERING,FALL,2021
CHEN,481,502,19,2,0,0,0,21,3.904,0,0,0,0,0,21,SENTMANAT M,ENGINEERING,FALL,2021
CHEN,481,503,7,11,0,0,0,18,3.388,0,0,0,0,0,18,HOLTZAPPLE M,ENGINEERING,FALL,2021
CHEN,481,504,19,0,0,0,0,19,4.000,0,0,0,0,0,19,BLIZZARD G,ENGINEERING,FALL,2021
CHEN,481,505,21,0,0,0,0,21,4.000,0,0,0,0,0,21,KUO Y,ENGINEERING,FALL,2021
CHEN,481,506,19,1,0,0,0,20,3.950,0,0,0,0,0,20,AYDOGMUS T,ENGINEERING,FALL,2021
CHEN,481,508,20,0,0,0,0,20,4.000,0,0,0,0,0,20,AYDOGMUS T,ENGINEERING,FALL,2021
CHEN,481,509,19,1,0,0,0,20,3.950,0,0,0,0,0,20,AYDOGMUS T,ENGINEERING,FALL,2021
CHEN,482,500,16,18,8,0,0,42,3.190,1,0,0,1,0,44,HILALY A,ENGINEERING,FALL,2021
CHEN,489,500,14,9,0,0,0,23,3.608,0,0,0,0,0,23,DJIRE A,ENGINEERING,FALL,2021
CHEN,489,502,5,9,2,0,0,16,3.187,0,0,0,3,0,19,LUTKENHAUS J,ENGINEERING,FALL,2021
CHEN,491,213,5,0,0,0,0,5,4.000,0,0,0,0,0,5,VADDIRAJU S,ENGINEERING,FALL,2021
CHEN,491,502,7,0,0,0,0,7,4.000,0,0,0,1,0,8,HOLTZAPPLE M,ENGINEERING,FALL,2021
CHEN,601,600,42,1,0,0,0,43,3.976,1,0,0,0,0,44,BLIZZARD G,ENGINEERING,FALL,2021
CHEN,604,600,23,23,14,4,0,64,3.015,0,0,0,0,0,64,SEMINARIO J,ENGINEERING,FALL,2021
CHEN,623,600,25,28,2,0,0,55,3.418,1,0,0,0,0,56,HOLSTE J,ENGINEERING,FALL,2021
CHEN,650,601,7,0,0,0,0,7,4.000,0,0,0,0,0,7,UGAZ V,ENGINEERING,FALL,2021
CHEN,651,600,12,0,0,0,0,12,4.000,0,0,0,0,0,12,SUN Q,ENGINEERING,FALL,2021
CHEN,655,602,3,3,0,0,0,6,3.500,0,0,0,0,0,6,MASHUGA C,ENGINEERING,FALL,2021
CHEN,689,600,10,2,0,0,0,12,3.833,0,0,0,0,0,12,DJIRE A,ENGINEERING,FALL,2021
CHEN,689,602,8,5,0,0,0,13,3.615,1,0,0,1,0,15,LUTKENHAUS J,ENGINEERING,FALL,2021
SENG,310,500,37,9,0,0,0,46,3.804,0,0,0,0,0,46,HALIM S,ENGINEERING,FALL,2021
SENG,310,700,7,3,0,0,0,10,3.700,0,0,0,0,0,10,HALIM S,ENGINEERING,FALL,2021
SENG,321,500,25,4,0,0,0,29,3.862,0,0,0,0,5,34,BEHIE S,ENGINEERING,FALL,2021
SENG,321,700,3,3,0,0,0,6,3.500,0,0,0,0,4,10,BEHIE S,ENGINEERING,FALL,2021
SENG,430,500,15,6,1,0,0,22,3.636,0,0,0,0,0,22,HALIM S,ENGINEERING,FALL,2021
SENG,430,700,4,3,1,0,1,9,3.000,0,0,0,1,0,10,HALIM S,ENGINEERING,FALL,2021
SENG,455,500,1,4,0,0,0,5,3.200,0,0,0,0,0,5,MASHUGA C,ENGINEERING,FALL,2021
SENG,655,600,5,2,1,0,0,8,3.500,0,0,0,0,0,8,MASHUGA C,ENGINEERING,FALL,2021
SENG,670,600,7,0,0,0,0,7,4.000,0,0,0,0,0,7,BEHIE S,ENGINEERING,FALL,2021
SENG,670,700,7,0,0,0,0,7,4.000,0,0,0,0,0,7,BEHIE S,ENGINEERING,FALL,2021
SENG,680,700,5,1,0,0,0,6,3.833,0,0,0,0,0,6,HALIM S,ENGINEERING,FALL,2021
CVEN,207,900,21,1,0,0,0,22,3.954,0,0,0,0,0,22,APPLETON R,ENGINEERING,FALL,2021
CVEN,207,901,24,0,0,0,0,24,4.000,0,0,0,0,0,24,APPLETON R,ENGINEERING,FALL,2021
CVEN,207,902,23,1,0,0,0,24,3.958,0,0,0,0,0,24,APPLETON R,ENGINEERING,FALL,2021
CVEN,207,903,21,2,0,0,0,23,3.913,0,0,0,0,0,23,APPLETON R,ENGINEERING,FALL,2021
CVEN,207,904,17,1,0,0,0,18,3.944,0,0,0,0,0,18,AUTENRIETH R,ENGINEERING,FALL,2021
CVEN,207,905,21,1,0,0,0,22,3.954,0,0,0,0,0,22,AUTENRIETH R,ENGINEERING,FALL,2021
CVEN,207,906,17,4,0,0,0,21,3.809,0,0,0,0,0,21,AUTENRIETH R,ENGINEERING,FALL,2021
CVEN,207,907,21,2,0,0,0,23,3.913,0,0,0,0,0,23,AUTENRIETH R,ENGINEERING,FALL,2021
CVEN,221,501,10,32,30,8,0,80,2.550,0,0,0,2,0,82,MERCIER R,ENGINEERING,FALL,2021
CVEN,221,502,32,33,15,2,0,82,3.158,0,0,0,1,0,83,SARMENTO GONCALVES,ENGINEERING,FALL,2021
CVEN,221,503,16,41,24,0,0,81,2.901,0,0,0,1,0,82,MERCIER R,ENGINEERING,FALL,2021
CVEN,250,501,22,10,1,0,1,34,3.529,0,0,0,0,0,34,HUTCHINSON R,ENGINEERING,FALL,2021
CVEN,250,502,23,8,2,0,0,33,3.636,0,0,0,0,0,33,HUTCHINSON R,ENGINEERING,FALL,2021
CVEN,250,503,28,5,1,0,1,35,3.685,0,0,0,0,0,35,LYLE S,ENGINEERING,FALL,2021
CVEN,250,504,17,13,1,0,0,31,3.516,0,0,0,0,0,31,HUTCHINSON R,ENGINEERING,FALL,2021
CVEN,301,501,21,30,3,1,0,55,3.290,1,0,0,1,0,57,MA X,ENGINEERING,FALL,2021
CVEN,301,502,5,17,14,0,1,37,2.675,0,0,0,6,0,43,LONDON M,ENGINEERING,FALL,2021
CVEN,302,501,28,19,7,0,0,54,3.388,0,0,0,1,0,55,YING Q,ENGINEERING,FALL,2021
CVEN,302,502,14,14,12,1,1,42,2.928,0,0,0,4,0,46,CHEN H,ENGINEERING,FALL,2021
CVEN,303,501,13,3,0,0,0,16,3.812,0,0,0,0,0,16,LYLE S,ENGINEERING,FALL,2021
CVEN,303,502,13,0,0,2,0,15,3.600,0,0,0,0,0,15,LYLE S,ENGINEERING,FALL,2021
CVEN,303,503,13,1,0,0,0,14,3.928,0,0,0,0,0,14,LYLE S,ENGINEERING,FALL,2021
CVEN,303,504,15,1,0,0,0,16,3.937,0,0,0,0,0,16,LYLE S,ENGINEERING,FALL,2021
CVEN,303,505,14,0,0,0,0,14,4.000,0,0,0,0,0,14,LYLE S,ENGINEERING,FALL,2021
CVEN,303,506,12,3,1,0,0,16,3.687,0,0,0,0,0,16,LYLE S,ENGINEERING,FALL,2021
CVEN,303,507,14,1,0,0,0,15,3.933,0,0,0,0,0,15,LYLE S,ENGINEERING,FALL,2021
CVEN,303,508,14,2,0,0,0,16,3.875,0,0,0,0,0,16,LYLE S,ENGINEERING,FALL,2021
CVEN,305,501,16,20,6,2,3,47,2.936,0,0,0,3,0,50,LITTLE D,ENGINEERING,FALL,2021
CVEN,305,502,49,14,2,0,1,66,3.666,0,0,0,0,0,66,BIRGISSON B,ENGINEERING,FALL,2021
CVEN,306,501,8,40,13,3,0,64,2.828,0,0,0,0,0,64,BULLARD J,ENGINEERING,FALL,2021
CVEN,306,502,25,41,6,2,0,74,3.202,0,0,0,0,0,74,KIM Y,ENGINEERING,FALL,2021
CVEN,307,501,14,19,8,4,1,46,2.891,0,0,0,1,0,47,HAWKINS G,ENGINEERING,FALL,2021
CVEN,307,502,19,36,13,0,0,68,3.088,0,0,0,0,0,68,ZHANG Y,ENGINEERING,FALL,2021
CVEN,311,502,14,30,10,0,2,56,2.964,0,0,0,3,0,59,GAO H,ENGINEERING,FALL,2021
CVEN,311,503,17,24,11,3,0,55,3.000,0,0,0,2,0,57,CHANG K,ENGINEERING,FALL,2021
CVEN,315,500,8,2,0,0,0,10,3.800,0,0,0,0,0,10,ROCKEY A,ENGINEERING,FALL,2021
CVEN,315,501,13,1,0,0,0,14,3.928,0,0,0,0,0,14,ROCKEY A,ENGINEERING,FALL,2021
CVEN,315,502,9,3,0,0,0,12,3.750,0,0,0,0,0,12,ROCKEY A,ENGINEERING,FALL,2021
CVEN,322,501,37,38,6,0,0,81,3.382,0,0,0,4,0,85,LOWERY L,ENGINEERING,FALL,2021
CVEN,322,502,45,34,9,2,2,92,3.282,0,0,0,1,0,93,WANG X,ENGINEERING,FALL,2021
CVEN,339,500,38,20,7,4,1,70,3.285,0,0,0,0,0,70,TORRES J,ENGINEERING,FALL,2021
CVEN,342,501,7,14,1,0,1,23,3.130,0,0,0,1,0,24,MARTIN A,ENGINEERING,FALL,2021
CVEN,342,502,9,11,3,0,0,23,3.260,0,0,0,0,0,23,MARTIN A,ENGINEERING,FALL,2021
CVEN,342,503,13,8,3,0,0,24,3.416,0,0,0,0,0,24,MARTIN A,ENGINEERING,FALL,2021
CVEN,342,504,6,11,1,0,0,18,3.277,0,0,0,1,0,19,MARTIN A,ENGINEERING,FALL,2021
CVEN,343,501,9,4,0,0,0,13,3.692,1,0,0,0,0,14,ZOLLINGER D,ENGINEERING,FALL,2021
CVEN,345,501,29,13,5,1,4,52,3.192,0,0,0,6,0,58,SKILLEN K,ENGINEERING,FALL,2021
CVEN,345,502,16,10,15,0,0,41,3.024,0,0,0,1,0,42,MANDER J,ENGINEERING,FALL,2021
CVEN,345,503,13,15,13,4,1,46,2.760,2,0,0,5,0,53,BIRELY A,ENGINEERING,FALL,2021
CVEN,345,504,10,15,13,10,1,49,2.469,0,0,0,21,0,70,BIRELY A,ENGINEERING,FALL,2021
CVEN,349,501,39,42,7,0,0,88,3.363,0,0,0,1,0,89,DAMNJANOVIC I,ENGINEERING,FALL,2021
CVEN,363,502,20,37,7,0,0,64,3.203,0,0,0,0,0,64,KAIHATU J,ENGINEERING,FALL,2021
CVEN,363,503,14,35,19,9,0,77,2.701,0,0,0,1,0,78,KOLIOU M,ENGINEERING,FALL,2021
CVEN,365,501,6,6,4,2,0,18,2.888,0,0,0,0,0,18,BRIAUD J,ENGINEERING,FALL,2021
CVEN,365,502,4,9,4,1,0,18,2.888,0,0,0,0,0,18,BRIAUD J,ENGINEERING,FALL,2021
CVEN,365,503,5,10,3,0,0,18,3.111,0,0,0,0,0,18,BRIAUD J,ENGINEERING,FALL,2021
CVEN,365,504,9,4,5,0,0,18,3.222,0,0,0,1,0,19,BRIAUD J,ENGINEERING,FALL,2021
CVEN,365,505,3,5,3,2,2,15,2.333,0,0,0,0,0,15,SANCHEZ CASTILLA M,ENGINEERING,FALL,2021
CVEN,365,506,3,3,5,0,0,11,2.818,0,0,0,0,0,11,SANCHEZ CASTILLA M,ENGINEERING,FALL,2021
CVEN,365,507,0,3,2,1,1,7,2.000,0,0,0,0,0,7,SANCHEZ CASTILLA M,ENGINEERING,FALL,2021
CVEN,365,508,2,1,4,2,1,10,2.100,0,0,0,0,0,10,SANCHEZ CASTILLA M,ENGINEERING,FALL,2021
CVEN,400,501,31,4,0,0,0,35,3.885,0,0,0,0,0,35,ROGERS A,ENGINEERING,FALL,2021
CVEN,400,502,21,0,0,0,0,21,4.000,0,0,0,0,0,21,ROGERS A,ENGINEERING,FALL,2021
CVEN,402,500,4,3,7,0,0,14,2.785,0,0,0,1,0,15,CHELLAM S,ENGINEERING,FALL,2021
CVEN,405,500,27,16,2,0,0,45,3.555,1,0,0,1,0,47,WALEWSKI J,ENGINEERING,FALL,2021
CVEN,423,500,13,5,2,0,0,20,3.550,0,0,0,0,0,20,OLIVERA F,ENGINEERING,FALL,2021
CVEN,424,901,18,2,1,0,0,21,3.809,0,0,0,0,0,21,SCARFUTO J,ENGINEERING,FALL,2021
CVEN,424,902,7,2,1,0,0,10,3.600,0,0,0,0,0,10,SCARFUTO J,ENGINEERING,FALL,2021
CVEN,424,903,16,6,0,0,0,22,3.727,0,0,0,0,0,22,ENGLAND P,ENGINEERING,FALL,2021
CVEN,424,904,17,6,0,1,0,24,3.625,0,0,0,0,0,24,ENGLAND P,ENGINEERING,FALL,2021
CVEN,424,905,11,4,1,0,1,17,3.411,0,0,0,1,0,18,ENGLAND P,ENGINEERING,FALL,2021
CVEN,424,906,21,0,0,0,1,22,3.818,0,0,0,0,0,22,SCARFUTO J,ENGINEERING,FALL,2021
CVEN,444,501,6,14,24,6,4,54,2.222,0,0,0,3,0,57,BRACCI J,ENGINEERING,FALL,2021
CVEN,444,502,10,11,17,4,3,45,2.466,0,0,0,3,0,48,BRACCI J,ENGINEERING,FALL,2021
CVEN,445,500,5,7,3,0,3,18,2.611,0,0,0,1,0,19,BARROSO L,ENGINEERING,FALL,2021
CVEN,446,501,14,15,13,1,2,45,2.844,0,0,0,2,0,47,KEATING P,ENGINEERING,FALL,2021
CVEN,446,502,24,12,10,1,2,49,3.122,0,0,0,0,0,49,YARNOLD M,ENGINEERING,FALL,2021
CVEN,450,500,21,0,0,0,0,21,4.000,0,0,0,0,0,21,HUTCHINSON R,ENGINEERING,FALL,2021
CVEN,454,500,18,8,2,0,0,28,3.571,0,0,0,3,0,31,BURRIS M,ENGINEERING,FALL,2021
CVEN,455,500,22,5,6,0,0,33,3.484,0,0,0,1,0,34,OLIVERA F,ENGINEERING,FALL,2021
CVEN,457,500,8,8,3,0,0,19,3.263,0,0,0,0,0,19,HAWKINS G,ENGINEERING,FALL,2021
CVEN,462,501,17,5,1,0,0,23,3.695,0,0,0,1,0,24,MILLER G,ENGINEERING,FALL,2021
CVEN,473,500,25,11,0,1,0,37,3.621,0,0,0,0,0,37,WOLF C,ENGINEERING,FALL,2021
CVEN,483,500,12,4,0,0,0,16,3.750,0,0,0,0,0,16,HUESTE M,ENGINEERING,FALL,2021
CVEN,601,600,8,18,0,0,0,26,3.307,0,0,0,1,0,27,CHU K,ENGINEERING,FALL,2021
CVEN,617,600,15,9,0,0,0,24,3.625,0,0,0,0,0,24,LORD D,ENGINEERING,FALL,2021
CVEN,619,600,7,14,9,0,0,30,2.933,0,0,0,3,0,33,CHELLAM S,ENGINEERING,FALL,2021
CVEN,620,600,16,8,0,0,0,24,3.666,0,0,0,0,0,24,MA X,ENGINEERING,FALL,2021
CVEN,624,600,15,4,0,0,0,19,3.789,0,0,0,0,0,19,GHARAIBEH N,ENGINEERING,FALL,2021
CVEN,626,600,10,7,0,0,0,17,3.588,0,0,0,1,0,18,LORD D,ENGINEERING,FALL,2021
CVEN,627,600,22,5,0,0,0,27,3.814,0,0,0,0,0,27,GAO H,ENGINEERING,FALL,2021
CVEN,628,600,9,8,2,1,0,20,3.250,0,0,0,0,0,20,WURBS R,ENGINEERING,FALL,2021
CVEN,633,600,17,29,5,2,0,53,3.150,0,0,0,2,0,55,SIDERIS P,ENGINEERING,FALL,2021
CVEN,638,600,40,0,0,0,0,40,4.000,0,0,0,0,0,40,WALEWSKI J,ENGINEERING,FALL,2021
CVEN,647,600,23,2,0,0,0,25,3.920,0,0,0,0,0,25,AUBENY C,ENGINEERING,FALL,2021
CVEN,649,600,9,7,1,0,0,17,3.470,0,0,0,0,0,17,SANCHEZ CASTILLA M,ENGINEERING,FALL,2021
CVEN,654,600,8,18,4,1,0,31,3.064,0,0,0,0,0,31,FORD D,ENGINEERING,FALL,2021
CVEN,655,600,23,14,1,0,0,38,3.578,0,0,0,0,0,38,NOSHADRAVAN A,ENGINEERING,FALL,2021
CVEN,657,600,18,26,14,1,0,59,3.033,0,0,0,0,0,59,NIEDZWECKI J,ENGINEERING,FALL,2021
CVEN,658,600,10,3,0,0,0,13,3.769,1,0,0,0,0,14,OLIVERA F,ENGINEERING,FALL,2021
CVEN,663,600,9,8,2,0,0,19,3.368,0,0,0,0,0,19,KEATING P,ENGINEERING,FALL,2021
CVEN,668,600,36,6,0,0,0,42,3.857,0,0,0,0,0,42,MOSTAFAVI A,ENGINEERING,FALL,2021
CVEN,671,600,18,32,2,0,0,52,3.307,0,0,0,0,0,52,MANDER J,ENGINEERING,FALL,2021
CVEN,672,600,18,8,0,0,0,26,3.692,0,0,0,0,0,26,WANG X,ENGINEERING,FALL,2021
CVEN,689,600,14,7,0,0,0,21,3.666,0,0,0,0,0,21,PUPPALA A,ENGINEERING,FALL,2021
CVEN,696,600,13,3,0,0,0,16,3.812,0,0,0,0,0,16,HAWKINS G,ENGINEERING,FALL,2021
CVEN,717,600,12,13,1,1,0,27,3.333,0,0,0,0,0,27,FORD D,ENGINEERING,FALL,2021
CVEN,749,600,21,0,0,0,0,21,4.000,0,0,0,0,0,21,HUTCHINSON R,ENGINEERING,FALL,2021
EVEN,201,900,14,1,0,0,0,15,3.933,0,0,0,0,0,15,LONDON M,ENGINEERING,FALL,2021
EVEN,201,901,11,2,0,0,0,13,3.846,0,0,0,1,0,14,LONDON M,ENGINEERING,FALL,2021
EVEN,301,502,0,4,3,0,0,7,2.571,0,0,0,0,0,7,LONDON M,ENGINEERING,FALL,2021
EVEN,304,500,3,6,0,0,0,9,3.333,0,0,0,0,0,9,LONDON M,ENGINEERING,FALL,2021
EVEN,304,502,7,3,0,0,0,10,3.700,0,0,0,0,0,10,LONDON M,ENGINEERING,FALL,2021
EVEN,311,503,0,2,2,2,0,6,2.000,0,0,0,0,0,6,CHANG K,ENGINEERING,FALL,2021
EVEN,320,500,6,15,6,1,0,28,2.928,0,0,0,2,0,30,MCKAY G,ENGINEERING,FALL,2021
EVEN,339,500,0,7,2,0,0,9,2.777,0,0,0,0,0,9,TORRES J,ENGINEERING,FALL,2021
EVEN,400,900,15,5,0,0,0,20,3.750,0,0,0,0,0,20,BHATTI Z,ENGINEERING,FALL,2021
EVEN,404,501,5,4,0,0,0,9,3.555,0,0,0,0,0,9,BHATTI Z,ENGINEERING,FALL,2021
EVEN,404,502,6,2,0,0,0,8,3.750,0,0,0,0,0,8,BHATTI Z,ENGINEERING,FALL,2021
EVEN,462,500,4,4,0,0,0,8,3.500,0,0,0,0,0,8,MILLER G,ENGINEERING,FALL,2021
CLEN,101,500,9,7,1,0,2,19,3.105,0,0,0,2,0,21,BRUMBELOW J,ENGINEERING,FALL,2021
CYBR,403,500,5,0,0,0,0,5,4.000,0,0,0,0,0,5,DEWITTE P,ENGINEERING,FALL,2021
ENGR,101,500,5,1,1,0,0,7,3.571,0,0,0,2,0,9,DIYASHEV I,ENGINEERING,FALL,2021
ENGR,102,201,16,8,1,0,0,25,3.600,0,0,0,0,0,25,CAHILL A,ENGINEERING,FALL,2021
ENGR,102,202,36,8,1,0,0,45,3.777,2,0,0,1,0,48,MOORE J,ENGINEERING,FALL,2021
ENGR,102,207,33,12,1,0,0,46,3.695,0,0,0,0,0,46,MORRIS E,ENGINEERING,FALL,2021
ENGR,102,208,35,9,3,1,0,48,3.625,0,0,0,0,0,48,MORRIS E,ENGINEERING,FALL,2021
ENGR,102,209,35,11,0,1,0,47,3.702,0,0,0,1,0,48,ELMS R,ENGINEERING,FALL,2021
ENGR,102,211,40,6,1,1,0,48,3.770,0,0,0,0,0,48,OSTROVSKAYA N,ENGINEERING,FALL,2021
ENGR,102,212,39,6,3,0,0,48,3.750,0,0,0,0,0,48,OSTROVSKAYA N,ENGINEERING,FALL,2021
ENGR,102,213,42,5,1,0,0,48,3.854,0,0,0,0,0,48,OSTROVSKAYA N,ENGINEERING,FALL,2021
ENGR,102,216,32,15,1,0,0,48,3.645,0,0,0,0,0,48,KURWITZ R,ENGINEERING,FALL,2021
ENGR,102,217,33,13,2,0,0,48,3.645,0,0,0,0,0,48,ELMS R,ENGINEERING,FALL,2021
ENGR,102,218,30,17,1,0,0,48,3.604,0,0,0,0,0,48,OSTROVSKAYA N,ENGINEERING,FALL,2021
ENGR,102,219,34,10,3,0,0,47,3.659,0,0,0,0,0,47,ELMS R,ENGINEERING,FALL,2021
ENGR,102,221,34,12,2,0,0,48,3.666,0,0,0,0,0,48,SPEARS C,ENGINEERING,FALL,2021
ENGR,102,222,26,18,4,0,0,48,3.458,0,0,0,0,0,48,SPEARS C,ENGINEERING,FALL,2021
ENGR,102,402,5,23,20,1,2,51,2.549,0,0,0,7,0,58,SPEARS C,ENGINEERING,FALL,2021
ENGR,102,403,9,11,9,1,0,30,2.933,0,0,0,0,0,30,SPEARS C,ENGINEERING,FALL,2021
ENGR,102,411,11,22,20,0,0,53,2.830,1,0,0,5,0,59,LARA RUIZ J,ENGINEERING,FALL,2021
ENGR,102,412,1,10,19,0,0,30,2.400,0,0,0,0,0,30,LARA RUIZ J,ENGINEERING,FALL,2021
ENGR,102,417,0,6,8,6,3,23,1.739,0,0,0,3,0,26,TSVETKOVA G,ENGINEERING,FALL,2021
ENGR,102,418,6,13,2,3,0,24,2.916,0,0,0,0,0,24,TSVETKOVA G,ENGINEERING,FALL,2021
ENGR,102,423,6,18,4,2,0,30,2.933,0,0,0,0,0,30,RITCHEY S,ENGINEERING,FALL,2021
ENGR,102,427,2,5,1,0,0,8,3.125,0,0,0,1,0,9,KURWITZ R,ENGINEERING,FALL,2021
ENGR,102,461,8,11,7,1,1,28,2.857,0,0,0,1,0,29,RICHARD J,ENGINEERING,FALL,2021
ENGR,102,462,12,23,6,1,3,45,2.888,0,0,0,4,0,49,RICHARD J,ENGINEERING,FALL,2021
ENGR,102,463,10,7,4,1,3,25,2.800,0,0,0,3,0,28,RICHARD J,ENGINEERING,FALL,2021
ENGR,102,464,8,10,7,0,0,25,3.040,0,0,0,2,0,27,RICHARD J,ENGINEERING,FALL,2021
ENGR,102,465,6,13,9,0,0,28,2.892,0,0,0,0,0,28,LARA RUIZ J,ENGINEERING,FALL,2021
ENGR,102,466,1,8,21,0,0,30,2.333,0,0,0,0,0,30,LARA RUIZ J,ENGINEERING,FALL,2021
ENGR,102,469,13,14,0,0,1,28,3.357,0,0,0,1,0,29,WICKLIFF T,ENGINEERING,FALL,2021
ENGR,102,470,5,13,3,0,0,21,3.095,0,0,0,0,0,21,WICKLIFF T,ENGINEERING,FALL,2021
ENGR,102,472,6,19,3,1,0,29,3.034,0,0,0,0,0,29,WICKLIFF T,ENGINEERING,FALL,2021
ENGR,102,501,35,32,19,3,3,92,3.010,0,0,0,3,0,95,MORTE M,ENGINEERING,FALL,2021
ENGR,102,502,12,16,6,1,0,35,3.114,0,0,0,1,0,36,SPEARS C,ENGINEERING,FALL,2021
ENGR,102,503,28,23,11,1,0,63,3.238,0,0,0,3,0,66,SPEARS C,ENGINEERING,FALL,2021
ENGR,102,504,31,43,20,1,1,96,3.062,0,0,0,0,0,96,ELIZONDO J,ENGINEERING,FALL,2021
ENGR,102,505,25,27,25,4,1,82,2.865,0,0,0,2,0,84,CAHILL A,ENGINEERING,FALL,2021
ENGR,102,506,28,41,19,4,2,94,2.946,0,0,0,2,0,96,ELIZONDO J,ENGINEERING,FALL,2021
ENGR,102,507,29,41,21,1,0,92,3.065,0,0,0,2,0,94,ELIZONDO J,ENGINEERING,FALL,2021
ENGR,102,508,41,32,15,1,1,90,3.233,2,0,0,2,0,94,ELMS R,ENGINEERING,FALL,2021
ENGR,102,509,41,27,16,5,3,92,3.065,0,0,0,3,0,95,MORTE M,ENGINEERING,FALL,2021
ENGR,102,511,12,10,13,0,0,35,2.971,0,0,0,1,0,36,LARA RUIZ J,ENGINEERING,FALL,2021
ENGR,102,512,24,22,17,0,0,63,3.111,0,0,0,2,0,65,LARA RUIZ J,ENGINEERING,FALL,2021
ENGR,102,513,33,29,18,4,7,91,2.846,0,0,0,4,0,95,CRUZADO GARCIA A,ENGINEERING,FALL,2021
ENGR,102,514,42,32,9,7,2,92,3.141,0,0,0,2,0,94,CRUZADO GARCIA A,ENGINEERING,FALL,2021
ENGR,102,517,30,24,10,2,0,66,3.242,0,0,0,2,0,68,TSVETKOVA G,ENGINEERING,FALL,2021
ENGR,102,518,21,26,18,2,0,67,2.985,0,0,0,2,0,69,TSVETKOVA G,ENGINEERING,FALL,2021
ENGR,102,519,38,31,16,6,2,93,3.043,1,0,0,1,0,95,LENFEST S,ENGINEERING,FALL,2021
ENGR,102,520,26,39,14,3,2,84,3.000,0,0,0,0,0,84,MORTE M,ENGINEERING,FALL,2021
ENGR,102,521,16,17,10,0,3,46,2.934,2,0,0,3,0,51,LENFEST S,ENGINEERING,FALL,2021
ENGR,102,522,39,23,23,3,2,90,3.044,0,0,0,3,0,93,LENFEST S,ENGINEERING,FALL,2021
ENGR,102,523,20,30,13,2,0,65,3.046,0,0,0,1,0,66,RITCHEY S,ENGINEERING,FALL,2021
ENGR,102,524,35,37,12,6,2,92,3.054,0,0,0,3,0,95,RITCHEY S,ENGINEERING,FALL,2021
ENGR,102,527,26,34,9,3,1,73,3.109,0,0,0,7,0,80,KURWITZ R,ENGINEERING,FALL,2021
ENGR,102,528,30,29,19,3,0,81,3.061,0,0,0,10,0,91,KURWITZ R,ENGINEERING,FALL,2021
ENGR,102,529,29,40,18,2,1,90,3.044,0,0,0,6,0,96,KURWITZ R,ENGINEERING,FALL,2021
ENGR,102,533,7,19,8,2,3,39,2.641,0,0,0,0,0,39,BROOKS R,ENGINEERING,FALL,2021
ENGR,102,534,3,20,19,3,1,46,2.456,0,0,0,1,0,47,BANGSTEIN B,ENGINEERING,FALL,2021
ENGR,102,535,4,19,14,1,2,40,2.550,2,0,0,1,0,43,SHAW S,ENGINEERING,FALL,2021
ENGR,102,537,18,15,2,1,2,38,3.210,0,0,0,0,0,38,STARR L,ENGINEERING,FALL,2021
ENGR,102,539,1,7,7,2,3,20,2.050,0,0,0,0,0,20,MCCARROLL D,ENGINEERING,FALL,2021
ENGR,102,550,16,23,6,3,1,49,3.020,0,0,0,6,0,55,KOOLA P,ENGINEERING,FALL,2021
ENGR,102,551,20,26,15,4,2,67,2.865,0,0,0,5,0,72,KOOLA P,ENGINEERING,FALL,2021
ENGR,102,552,36,31,13,3,4,87,3.057,0,0,0,2,0,89,SUBRAMANIAN R,ENGINEERING,FALL,2021
ENGR,102,553,18,31,8,2,3,62,2.951,0,0,0,4,0,66,VILLAREAL S,ENGINEERING,FALL,2021
ENGR,102,554,27,28,9,2,3,69,3.072,1,0,0,4,0,74,VILLAREAL S,ENGINEERING,FALL,2021
ENGR,102,555,30,18,12,2,2,64,3.125,0,0,0,1,0,65,THOMAS N,ENGINEERING,FALL,2021
ENGR,102,556,18,12,5,3,0,38,3.184,3,0,0,0,0,41,ALVARADO L,ENGINEERING,FALL,2021
ENGR,102,557,12,19,9,1,2,43,2.883,0,0,0,0,0,43,BROOKS R,ENGINEERING,FALL,2021
ENGR,102,558,12,6,0,1,1,20,3.350,0,0,0,0,0,20,STARR L,ENGINEERING,FALL,2021
ENGR,102,559,8,21,9,2,1,41,2.804,0,0,0,0,0,41,SHAW S,ENGINEERING,FALL,2021
ENGR,102,560,4,18,11,2,4,39,2.410,0,0,0,0,0,39,BALL D,ENGINEERING,FALL,2021
ENGR,102,561,15,30,10,1,2,58,2.948,0,0,0,6,0,64,RICHARD J,ENGINEERING,FALL,2021
ENGR,102,562,13,24,5,2,0,44,3.090,0,0,0,2,0,46,RICHARD J,ENGINEERING,FALL,2021
ENGR,102,563,23,25,9,7,1,65,2.953,0,0,0,1,0,66,RICHARD J,ENGINEERING,FALL,2021
ENGR,102,564,24,23,13,4,1,65,3.000,0,0,0,2,0,67,RICHARD J,ENGINEERING,FALL,2021
ENGR,102,565,19,17,28,0,1,65,2.815,0,0,0,0,0,65,LARA RUIZ J,ENGINEERING,FALL,2021
ENGR,102,566,17,32,15,0,0,64,3.031,0,0,0,2,0,66,LARA RUIZ J,ENGINEERING,FALL,2021
ENGR,102,567,35,34,17,2,1,89,3.123,0,0,0,2,0,91,IJAZ M,ENGINEERING,FALL,2021
ENGR,102,568,35,28,25,0,1,89,3.078,0,0,0,6,0,95,SPEARS C,ENGINEERING,FALL,2021
ENGR,102,569,29,29,6,1,0,65,3.323,0,0,0,2,0,67,WICKLIFF T,ENGINEERING,FALL,2021
ENGR,102,570,29,30,10,0,1,70,3.228,0,0,0,0,0,70,WICKLIFF T,ENGINEERING,FALL,2021
ENGR,102,571,38,44,9,1,1,93,3.258,0,0,0,0,0,93,WICKLIFF T,ENGINEERING,FALL,2021
ENGR,102,572,24,28,11,2,0,65,3.138,0,0,0,2,0,67,WICKLIFF T,ENGINEERING,FALL,2021
ENGR,102,577,21,28,12,2,3,66,2.939,0,0,0,6,0,72,SUBRAMANIAN R,ENGINEERING,FALL,2021
ENGR,216,501,7,22,8,5,1,43,2.674,0,0,0,1,0,44,HAMILTON P,ENGINEERING,FALL,2021
ENGR,216,502,9,14,14,1,3,41,2.609,0,0,0,2,0,43,HAMILTON P,ENGINEERING,FALL,2021
ENGR,216,503,13,23,7,2,1,46,2.978,0,0,0,0,0,46,HAMILTON P,ENGINEERING,FALL,2021
ENGR,216,505,8,27,8,1,1,45,2.888,0,0,0,1,1,47,WAER R,ENGINEERING,FALL,2021
ENGR,216,506,5,20,8,1,3,37,2.621,0,0,0,1,0,38,WAER R,ENGINEERING,FALL,2021
ENGR,216,507,2,19,7,3,1,32,2.562,0,0,0,3,0,35,WAER R,ENGINEERING,FALL,2021
ENGR,216,508,4,14,11,4,1,34,2.470,0,0,0,1,0,35,WAER R,ENGINEERING,FALL,2021
ENGR,216,509,2,11,13,1,1,28,2.428,0,0,0,0,0,28,WAER R,ENGINEERING,FALL,2021
ENGR,216,510,3,13,6,1,0,23,2.782,0,0,0,0,0,23,WAER R,ENGINEERING,FALL,2021
ENGR,216,550,0,9,10,3,0,22,2.272,0,0,0,0,0,22,VILLAREAL S,ENGINEERING,FALL,2021
ENGR,216,551,6,7,3,0,0,16,3.187,0,0,0,0,0,16,SUBRAMANIAN R,ENGINEERING,FALL,2021
ENGR,216,552,1,11,7,1,0,20,2.600,0,0,0,2,0,22,VILLAREAL S,ENGINEERING,FALL,2021
ENGR,216,553,3,12,2,0,0,17,3.058,0,0,0,0,0,17,SUBRAMANIAN R,ENGINEERING,FALL,2021
ENGR,216,560,0,0,5,1,2,8,1.375,0,0,0,0,0,8,SHAW S,ENGINEERING,FALL,2021
ENGR,216,565,0,0,3,0,2,5,1.200,0,0,0,0,0,5,BROOKS R,ENGINEERING,FALL,2021
ENGR,216,570,12,2,0,0,1,15,3.600,0,0,0,0,0,15,ALVARADO L,ENGINEERING,FALL,2021
ENGR,217,201,45,2,0,1,0,48,3.895,0,0,0,0,0,48,HAMILTON P,ENGINEERING,FALL,2021
ENGR,217,202,36,9,1,0,0,46,3.760,0,0,0,0,0,46,HAMILTON P,ENGINEERING,FALL,2021
ENGR,217,204,25,13,2,0,0,40,3.575,0,0,0,0,0,40,IJAZ M,ENGINEERING,FALL,2021
ENGR,217,205,26,18,2,0,0,46,3.521,0,0,0,0,0,46,IJAZ M,ENGINEERING,FALL,2021
ENGR,217,206,46,2,0,0,0,48,3.958,0,0,0,0,0,48,CORNEJO J,ENGINEERING,FALL,2021
ENGR,217,207,17,28,0,0,0,45,3.377,0,0,0,0,0,45,CORNEJO J,ENGINEERING,FALL,2021
ENGR,217,501,16,22,5,3,0,46,3.108,0,0,0,1,0,47,IJAZ M,ENGINEERING,FALL,2021
ENGR,217,502,15,23,7,2,0,47,3.085,0,0,0,1,0,48,IJAZ M,ENGINEERING,FALL,2021
ENGR,217,503,13,26,7,1,1,48,3.020,0,0,0,0,0,48,IJAZ M,ENGINEERING,FALL,2021
ENGR,217,504,11,27,10,0,0,48,3.020,0,0,0,0,0,48,CAHILL A,ENGINEERING,FALL,2021
ENGR,217,505,16,27,4,1,0,48,3.208,0,0,0,0,0,48,CAHILL A,ENGINEERING,FALL,2021
ENGR,217,506,20,25,1,0,1,47,3.340,0,0,0,0,0,47,CAHILL A,ENGINEERING,FALL,2021
ENGR,217,507,45,2,0,0,0,47,3.957,0,0,0,1,0,48,CORNEJO J,ENGINEERING,FALL,2021
ENGR,217,508,32,13,0,0,0,45,3.711,0,0,0,1,0,46,CORNEJO J,ENGINEERING,FALL,2021
ENGR,217,509,40,6,0,0,0,46,3.869,0,0,0,0,0,46,CORNEJO J,ENGINEERING,FALL,2021
ENGR,217,512,34,11,2,1,0,48,3.625,0,0,0,0,0,48,CORNEJO J,ENGINEERING,FALL,2021
ENGR,217,514,18,21,7,1,0,47,3.191,0,0,0,1,0,48,IJAZ M,ENGINEERING,FALL,2021
ENGR,217,515,16,20,10,1,0,47,3.085,0,0,0,0,0,47,IJAZ M,ENGINEERING,FALL,2021
ENGR,217,517,44,2,1,0,1,48,3.833,0,0,0,0,0,48,CORNEJO J,ENGINEERING,FALL,2021
ENGR,217,518,34,12,2,0,0,48,3.666,0,0,0,0,0,48,CORNEJO J,ENGINEERING,FALL,2021
ENGR,217,519,36,11,0,0,0,47,3.765,0,0,0,0,0,47,CORNEJO J,ENGINEERING,FALL,2021
ENGR,217,520,44,1,2,0,0,47,3.893,0,0,0,0,0,47,CORNEJO J,ENGINEERING,FALL,2021
ENGR,217,521,39,7,1,0,0,47,3.808,0,0,0,0,0,47,CORNEJO J,ENGINEERING,FALL,2021
ENGR,217,522,13,33,1,0,0,47,3.255,0,0,0,0,0,47,CORNEJO J,ENGINEERING,FALL,2021
ENGR,217,550,8,7,3,0,0,18,3.277,0,0,0,0,0,18,PORTER J,ENGINEERING,FALL,2021
ENGR,217,558,0,9,1,0,0,10,2.900,0,0,0,0,0,10,MCCARROLL D,ENGINEERING,FALL,2021
ENGR,217,565,0,5,3,0,0,8,2.625,0,0,0,0,0,8,BROOKS R,ENGINEERING,FALL,2021
ENGR,217,571,17,1,0,0,0,18,3.944,0,0,0,0,0,18,BANGSTEIN B,ENGINEERING,FALL,2021
ENGR,217,575,4,7,2,0,0,13,3.153,0,0,0,0,0,13,SHAW S,ENGINEERING,FALL,2021
ENGR,217,580,2,14,2,0,0,18,3.000,0,0,0,0,0,18,BALL D,ENGINEERING,FALL,2021
ENGR,217,585,19,1,0,0,1,21,3.761,0,0,0,0,0,21,STARR L,ENGINEERING,FALL,2021
ENGR,217,590,0,3,3,0,0,6,2.500,0,0,0,0,0,6,MCCARROLL D,ENGINEERING,FALL,2021
ENGR,262,501,51,3,0,0,2,56,3.803,0,0,0,0,0,56,RODNEY B,ENGINEERING,FALL,2021
ENGR,291,504,6,0,0,0,1,7,3.428,0,0,0,0,0,7,CHAMITOFF G,ENGINEERING,FALL,2021
ENGR,312,501,15,13,2,0,0,30,3.433,0,0,0,0,0,30,RODNEY B,ENGINEERING,FALL,2021
ENGR,350,500,32,0,0,0,0,32,4.000,0,0,0,0,0,32,SULLIVAN S,ENGINEERING,FALL,2021
ENGR,381,201,15,0,0,0,0,15,4.000,1,0,0,0,0,16,MARTINEZ K,ENGINEERING,FALL,2021
ENGR,385,504,14,0,0,0,0,14,4.000,0,0,0,0,0,14,UGAZ V,ENGINEERING,FALL,2021
ENGR,385,505,6,0,0,0,0,6,4.000,0,0,0,0,0,6,LOWERY L,ENGINEERING,FALL,2021
ENGR,385,506,16,1,0,0,0,17,3.941,0,0,0,0,0,17,SARIN V,ENGINEERING,FALL,2021
ENGR,385,507,8,1,0,0,0,9,3.888,0,4,0,0,0,13,KARSILAYAN A,ENGINEERING,FALL,2021
ENGR,385,512,8,0,0,0,0,8,4.000,0,0,0,0,0,8,GRAUL M,ENGINEERING,FALL,2021
ENGR,385,513,29,1,0,0,0,30,3.966,1,0,0,0,0,31,LEWIS H,ENGINEERING,FALL,2021
ENGR,401,901,8,6,0,0,0,14,3.571,0,0,0,0,0,14,CONKEY A,ENGINEERING,FALL,2021
ENGR,410,502,12,3,1,0,1,17,3.470,0,0,0,2,0,19,LEON V,ENGINEERING,FALL,2021
ENGR,421,501,18,9,0,0,0,27,3.666,0,0,0,0,0,27,DONNELL J,ENGINEERING,FALL,2021
ENGR,450,500,29,0,0,0,0,29,4.000,0,0,0,0,0,29,SULLIVAN S,ENGINEERING,FALL,2021
ENGR,461,500,17,2,0,0,0,19,3.894,0,0,0,0,0,19,RODNEY B,ENGINEERING,FALL,2021
ENGR,462,502,24,6,2,0,0,32,3.687,0,0,0,0,0,32,RODNEY B,ENGINEERING,FALL,2021
ENGR,482,901,5,4,3,0,0,12,3.166,0,0,0,0,0,12,ROGERS A,ENGINEERING,FALL,2021
ENGR,482,902,4,5,2,0,1,12,2.916,0,0,0,0,0,12,ROGERS A,ENGINEERING,FALL,2021
ENGR,482,903,4,6,2,0,0,12,3.166,0,0,0,0,0,12,ROGERS A,ENGINEERING,FALL,2021
ENGR,482,904,2,5,2,0,1,10,2.700,0,0,0,0,0,10,ROGERS A,ENGINEERING,FALL,2021
ENGR,482,905,4,7,1,0,0,12,3.250,0,0,0,0,0,12,ROGERS A,ENGINEERING,FALL,2021
ENGR,482,906,4,5,1,1,1,12,2.833,0,0,0,0,0,12,ROGERS A,ENGINEERING,FALL,2021
ENGR,482,907,5,3,4,0,0,12,3.083,0,0,0,0,0,12,ROGERS A,ENGINEERING,FALL,2021
ENGR,482,908,1,6,2,0,2,11,2.363,0,0,0,0,0,11,ROGERS A,ENGINEERING,FALL,2021
ENGR,482,909,5,7,0,0,0,12,3.416,0,0,0,0,0,12,BREWER M,ENGINEERING,FALL,2021
ENGR,482,910,4,6,2,0,0,12,3.166,0,0,0,0,0,12,BREWER M,ENGINEERING,FALL,2021
ENGR,482,911,7,3,1,0,1,12,3.250,0,0,0,0,0,12,BREWER M,ENGINEERING,FALL,2021
ENGR,482,912,6,4,0,1,0,11,3.363,0,0,0,0,0,11,BREWER M,ENGINEERING,FALL,2021
ENGR,482,913,7,3,1,1,0,12,3.333,0,0,0,0,0,12,RIVERA S,ENGINEERING,FALL,2021
ENGR,482,914,7,3,0,0,3,13,2.846,0,0,0,0,0,13,RIVERA S,ENGINEERING,FALL,2021
ENGR,482,915,4,8,0,0,0,12,3.333,0,0,0,0,0,12,RIVERA S,ENGINEERING,FALL,2021
ENGR,482,916,3,5,3,0,0,11,3.000,0,0,0,0,0,11,RIVERA S,ENGINEERING,FALL,2021
ENGR,482,921,4,6,1,0,0,11,3.272,0,0,0,0,0,11,BREWER M,ENGINEERING,FALL,2021
ENGR,482,922,7,5,0,0,0,12,3.583,0,0,0,0,0,12,BREWER M,ENGINEERING,FALL,2021
ENGR,482,923,7,5,0,0,0,12,3.583,0,0,0,0,0,12,BREWER M,ENGINEERING,FALL,2021
ENGR,482,924,5,3,2,1,0,11,3.090,0,0,0,1,0,12,BREWER M,ENGINEERING,FALL,2021
ENGR,482,925,8,4,0,0,0,12,3.666,0,0,0,0,0,12,RIVERA S,ENGINEERING,FALL,2021
ENGR,482,926,8,3,1,0,0,12,3.583,0,0,0,0,0,12,RIVERA S,ENGINEERING,FALL,2021
ENGR,482,927,4,4,2,1,0,11,3.000,0,0,0,0,0,11,RIVERA S,ENGINEERING,FALL,2021
ENGR,482,928,7,3,2,0,0,12,3.416,0,0,0,0,0,12,RIVERA S,ENGINEERING,FALL,2021
ENGR,482,929,5,7,0,0,0,12,3.416,0,0,0,0,0,12,RIVERA S,ENGINEERING,FALL,2021
ENGR,482,930,6,6,0,0,0,12,3.500,0,0,0,0,0,12,RIVERA S,ENGINEERING,FALL,2021
ENGR,482,931,2,8,2,0,0,12,3.000,0,0,0,0,0,12,RIVERA S,ENGINEERING,FALL,2021
ENGR,482,932,3,5,1,0,1,10,2.900,0,0,0,0,0,10,RIVERA S,ENGINEERING,FALL,2021
ENGR,482,933,6,5,0,1,0,12,3.333,0,0,0,0,0,12,HAMILTON P,ENGINEERING,FALL,2021
ENGR,482,934,5,4,3,0,0,12,3.166,0,0,0,0,0,12,HAMILTON P,ENGINEERING,FALL,2021
ENGR,482,935,3,8,0,0,0,11,3.272,0,0,0,1,0,12,HAMILTON P,ENGINEERING,FALL,2021
ENGR,482,936,4,5,1,1,1,12,2.833,0,0,0,0,0,12,HAMILTON P,ENGINEERING,FALL,2021
ENGR,482,937,3,6,0,1,1,11,2.818,0,0,0,0,0,11,RIVERA S,ENGINEERING,FALL,2021
ENGR,482,938,5,7,0,0,0,12,3.416,0,0,0,0,0,12,RIVERA S,ENGINEERING,FALL,2021
ENGR,482,939,4,6,2,0,0,12,3.166,0,0,0,0,0,12,RIVERA S,ENGINEERING,FALL,2021
ENGR,482,940,1,3,4,1,2,11,2.000,0,0,0,0,0,11,RIVERA S,ENGINEERING,FALL,2021
ENGR,482,941,2,6,3,1,0,12,2.750,0,0,0,0,0,12,HAMILTON P,ENGINEERING,FALL,2021
ENGR,482,942,3,7,2,0,0,12,3.083,0,0,0,0,0,12,HAMILTON P,ENGINEERING,FALL,2021
ENGR,482,943,6,4,0,1,0,11,3.363,0,0,0,0,0,11,HAMILTON P,ENGINEERING,FALL,2021
ENGR,482,944,5,5,1,0,0,11,3.363,0,0,0,0,0,11,HAMILTON P,ENGINEERING,FALL,2021
ENGR,484,503,16,0,0,0,0,16,4.000,0,0,0,0,0,16,KINRA V,ENGINEERING,FALL,2021
ENGR,491,204,4,0,0,0,1,5,3.200,0,0,0,0,0,5,MEHTA R,ENGINEERING,FALL,2021
ENGR,491,500,6,0,0,0,0,6,4.000,0,0,0,1,0,7,LAGOUDAS D,ENGINEERING,FALL,2021
ENGR,491,503,5,0,0,0,0,5,4.000,0,0,0,0,0,5,ABEDI MASHHADI,ENGINEERING,FALL,2021
ENGR,491,505,25,1,0,0,0,26,3.961,0,0,0,0,0,26,HOLTZAPPLE M,ENGINEERING,FALL,2021
ENGR,491,509,12,0,0,0,0,12,4.000,0,0,0,0,0,12,MOSTAFAVI A,ENGINEERING,FALL,2021
ENGR,491,510,8,0,0,0,0,8,4.000,0,0,0,1,0,9,SASANGOHAR F,ENGINEERING,FALL,2021
ENGR,491,511,14,1,0,0,0,15,3.933,0,0,0,1,0,16,TAO J,ENGINEERING,FALL,2021
ENGR,491,516,35,0,0,2,0,37,3.837,0,0,0,2,0,39,CHAMITOFF G,ENGINEERING,FALL,2021
ENGR,491,526,6,0,0,0,0,6,4.000,0,0,0,8,0,14,KARPETIS A,ENGINEERING,FALL,2021
ENGR,491,531,6,0,0,0,0,6,4.000,0,0,0,2,0,8,COTE G,ENGINEERING,FALL,2021
ICPE,601,600,5,0,0,0,0,5,4.000,0,0,0,0,0,5,AKBULUT M,ENGINEERING,FALL,2021
ICPE,601,700,35,1,0,0,0,36,3.972,0,0,0,0,0,36,AKBULUT M,ENGINEERING,FALL,2021
ICPE,604,600,9,0,0,0,0,9,4.000,0,0,0,0,0,9,PISTIKOPOULOS E,ENGINEERING,FALL,2021
ICPE,604,700,30,0,0,0,0,30,4.000,0,0,0,0,0,30,PISTIKOPOULOS E,ENGINEERING,FALL,2021
ICPE,606,600,4,1,0,0,0,5,3.800,0,0,0,0,0,5,BUTENKO S,ENGINEERING,FALL,2021
ICPE,606,700,9,2,1,0,0,12,3.666,1,0,0,0,0,13,BUTENKO S,ENGINEERING,FALL,2021
ICPE,607,600,3,2,0,0,0,5,3.600,0,0,0,0,0,5,FARMER K,ENGINEERING,FALL,2021
ICPE,608,600,4,4,0,0,0,8,3.500,0,0,0,0,0,8,GAUSE F,ENGINEERING,FALL,2021
ICPE,608,700,10,24,1,0,2,37,3.081,0,0,0,0,0,37,GAUSE F,ENGINEERING,FALL,2021
ICPE,609,600,6,1,0,0,0,7,3.857,0,0,0,0,0,7,WARREN G,ENGINEERING,FALL,2021
ICPE,609,700,13,4,0,0,0,17,3.764,0,0,0,0,0,17,WARREN G,ENGINEERING,FALL,2021
ICPE,615,700,6,6,9,0,0,21,2.857,0,0,0,0,0,21,KEZUNOVIC M,ENGINEERING,FALL,2021
ICPE,629,600,4,1,0,0,0,5,3.800,0,0,0,0,0,5,WARREN G,ENGINEERING,FALL,2021
ICPE,633,700,35,1,1,0,0,37,3.918,0,0,0,0,0,37,PACE W,ENGINEERING,FALL,2021
ICPE,634,600,5,0,0,0,0,5,4.000,0,0,0,0,0,5,SHCHERBAKOVA A,ENGINEERING,FALL,2021
ICPE,634,601,9,0,0,0,0,9,4.000,0,0,0,0,0,9,SHCHERBAKOVA A,ENGINEERING,FALL,2021
ICPE,638,700,1,2,3,0,0,6,2.666,0,0,0,0,0,6,TAO J,ENGINEERING,FALL,2021
ICPE,639,700,3,5,0,0,0,8,3.375,0,0,0,0,0,8,QIAN X,ENGINEERING,FALL,2021
ICPE,681,600,7,0,0,0,0,7,4.000,0,0,0,0,0,7,PAPPA A,ENGINEERING,FALL,2021
ICPE,681,700,20,0,0,0,0,20,4.000,0,0,0,1,0,21,PAPPA A,ENGINEERING,FALL,2021
ICPE,691,600,6,0,0,0,0,6,4.000,0,0,0,0,0,6,PISTIKOPOULOS E,ENGINEERING,FALL,2021
CSCE,110,500,6,10,6,1,0,23,2.913,0,0,0,0,0,23,YUM K,ENGINEERING,FALL,2021
CSCE,110,501,6,10,7,0,0,23,2.956,0,0,0,0,0,23,YUM K,ENGINEERING,FALL,2021
CSCE,110,502,6,10,4,1,1,22,2.863,0,0,0,0,0,22,YUM K,ENGINEERING,FALL,2021
CSCE,110,503,4,11,6,0,1,22,2.772,0,0,0,0,0,22,YUM K,ENGINEERING,FALL,2021
CSCE,110,504,5,12,3,2,1,23,2.782,0,0,0,1,0,24,YUM K,ENGINEERING,FALL,2021
CSCE,110,505,5,9,5,4,0,23,2.652,0,0,0,1,0,24,YUM K,ENGINEERING,FALL,2021
CSCE,110,506,3,10,5,1,0,19,2.789,0,0,0,2,0,21,YUM K,ENGINEERING,FALL,2021
CSCE,110,507,5,5,5,2,2,19,2.473,0,0,0,5,0,24,YUM K,ENGINEERING,FALL,2021
CSCE,111,501,19,1,2,0,1,23,3.608,0,0,0,1,0,24,LIGHTFOOT R,ENGINEERING,FALL,2021
CSCE,111,502,11,3,1,0,5,20,2.750,0,0,0,2,0,22,LIGHTFOOT R,ENGINEERING,FALL,2021
CSCE,111,503,20,2,0,0,2,24,3.583,0,0,0,0,0,24,LIGHTFOOT R,ENGINEERING,FALL,2021
CSCE,111,504,15,0,1,0,3,19,3.263,0,0,0,4,0,23,LIGHTFOOT R,ENGINEERING,FALL,2021
CSCE,111,505,15,1,3,0,2,21,3.285,0,0,0,3,0,24,LIGHTFOOT R,ENGINEERING,FALL,2021
CSCE,111,506,17,1,2,0,1,21,3.571,0,0,0,2,0,23,LIGHTFOOT R,ENGINEERING,FALL,2021
CSCE,111,507,16,2,4,1,0,23,3.434,0,0,0,0,0,23,LIGHTFOOT R,ENGINEERING,FALL,2021
CSCE,111,508,15,3,3,1,0,22,3.454,0,0,0,2,0,24,LIGHTFOOT R,ENGINEERING,FALL,2021
CSCE,120,200,5,0,0,0,0,5,4.000,0,0,0,0,0,5,CARLISLE M,ENGINEERING,FALL,2021
CSCE,120,501,2,1,2,0,0,5,3.000,0,0,0,1,0,6,RITCHEY P,ENGINEERING,FALL,2021
CSCE,120,506,2,2,1,0,0,5,3.200,0,0,0,1,0,6,CARLISLE M,ENGINEERING,FALL,2021
CSCE,120,517,4,0,1,0,0,5,3.600,0,0,0,0,0,5,HUANG Q,ENGINEERING,FALL,2021
CSCE,120,518,2,2,2,1,0,7,2.714,0,0,0,0,0,7,HUANG Q,ENGINEERING,FALL,2021
CSCE,120,521,3,2,0,0,0,5,3.600,0,0,0,0,0,5,TAELE P,ENGINEERING,FALL,2021
CSCE,120,593,2,2,2,0,0,6,3.000,0,0,0,0,0,6,MOORE J,ENGINEERING,FALL,2021
CSCE,121,200,17,4,1,1,1,24,3.458,0,0,0,0,0,24,CARLISLE M,ENGINEERING,FALL,2021
CSCE,121,500,12,8,2,1,2,25,3.080,0,0,0,5,0,30,RITCHEY P,ENGINEERING,FALL,2021
CSCE,121,501,8,8,4,2,3,25,2.640,0,0,0,1,0,26,RITCHEY P,ENGINEERING,FALL,2021
CSCE,121,502,6,9,5,1,2,23,2.695,0,0,0,6,0,29,RITCHEY P,ENGINEERING,FALL,2021
CSCE,121,503,9,8,4,3,1,25,2.840,0,0,0,4,0,29,RITCHEY P,ENGINEERING,FALL,2021
CSCE,121,504,6,7,3,4,3,23,2.391,0,0,0,2,0,25,RITCHEY P,ENGINEERING,FALL,2021
CSCE,121,505,8,4,4,2,5,23,2.347,0,0,0,6,0,29,RITCHEY P,ENGINEERING,FALL,2021
CSCE,121,506,8,7,3,0,4,22,2.681,0,0,0,2,0,24,CARLISLE M,ENGINEERING,FALL,2021
CSCE,121,507,16,5,2,3,0,26,3.307,0,0,0,4,0,30,CARLISLE M,ENGINEERING,FALL,2021
CSCE,121,508,9,7,6,1,1,24,2.916,0,0,0,6,0,30,CARLISLE M,ENGINEERING,FALL,2021
CSCE,121,509,5,4,4,1,1,15,2.733,0,0,0,5,0,20,MCGUIRE T,ENGINEERING,FALL,2021
CSCE,121,510,7,3,1,2,5,18,2.277,0,0,0,2,0,20,MCGUIRE T,ENGINEERING,FALL,2021
CSCE,121,511,6,3,1,3,2,15,2.533,0,0,0,4,0,19,MCGUIRE T,ENGINEERING,FALL,2021
CSCE,121,512,8,6,1,1,1,17,3.117,0,0,0,3,0,20,MCGUIRE T,ENGINEERING,FALL,2021
CSCE,121,513,4,4,3,3,2,16,2.312,0,0,0,4,0,20,MCGUIRE T,ENGINEERING,FALL,2021
CSCE,121,514,4,4,2,3,2,15,2.333,1,0,0,5,0,21,MCGUIRE T,ENGINEERING,FALL,2021
CSCE,121,515,7,7,2,1,1,18,3.000,0,0,0,4,0,22,MCGUIRE T,ENGINEERING,FALL,2021
CSCE,121,516,2,6,3,1,3,15,2.200,0,0,0,6,0,21,MCGUIRE T,ENGINEERING,FALL,2021
CSCE,121,517,2,7,5,1,1,16,2.500,0,0,0,2,0,18,HUANG Q,ENGINEERING,FALL,2021
CSCE,121,518,4,3,2,3,1,13,2.461,0,0,0,4,0,17,HUANG Q,ENGINEERING,FALL,2021
CSCE,121,519,9,6,3,1,0,19,3.210,0,0,0,2,0,21,HUANG Q,ENGINEERING,FALL,2021
CSCE,121,520,10,4,2,1,0,17,3.352,0,0,0,4,0,21,HUANG Q,ENGINEERING,FALL,2021
CSCE,121,521,13,2,2,1,0,18,3.500,0,0,0,0,0,18,TAELE P,ENGINEERING,FALL,2021
CSCE,121,522,8,5,3,2,1,19,2.894,0,0,0,2,0,21,TAELE P,ENGINEERING,FALL,2021
CSCE,121,523,4,4,5,1,1,15,2.600,0,0,0,4,0,19,TAELE P,ENGINEERING,FALL,2021
CSCE,121,524,9,5,3,0,0,17,3.352,0,0,0,3,0,20,TAELE P,ENGINEERING,FALL,2021
CSCE,121,591,6,6,5,2,3,22,2.454,0,0,0,5,0,27,MOORE J,ENGINEERING,FALL,2021
CSCE,121,592,6,11,3,2,2,24,2.708,0,0,0,7,0,31,MOORE J,ENGINEERING,FALL,2021
CSCE,121,593,4,5,2,3,2,16,2.375,0,0,0,10,0,26,MOORE J,ENGINEERING,FALL,2021
CSCE,121,594,6,8,3,5,4,26,2.269,0,0,0,3,0,29,MOORE J,ENGINEERING,FALL,2021
CSCE,121,595,6,8,2,0,2,18,2.888,0,0,0,11,0,29,MOORE J,ENGINEERING,FALL,2021
CSCE,121,596,7,4,3,2,2,18,2.666,0,0,0,11,0,29,MOORE J,ENGINEERING,FALL,2021
CSCE,181,599,362,12,11,2,0,387,3.896,3,0,0,1,0,391,KEYSER J,ENGINEERING,FALL,2021
CSCE,206,501,14,3,2,1,0,20,3.500,0,0,0,3,0,23,TAYLOR B,ENGINEERING,FALL,2021
CSCE,206,502,12,4,3,0,0,19,3.473,0,0,0,1,0,20,TAYLOR B,ENGINEERING,FALL,2021
CSCE,206,503,11,5,0,2,3,21,2.904,0,0,0,0,0,21,TAYLOR B,ENGINEERING,FALL,2021
CSCE,221,501,9,13,3,1,0,26,3.153,0,0,0,5,0,31,LEYK T,ENGINEERING,FALL,2021
CSCE,221,502,2,9,14,1,0,26,2.461,0,0,0,4,0,30,LEYK T,ENGINEERING,FALL,2021
CSCE,221,503,2,10,7,0,1,20,2.600,0,0,0,2,0,22,LEYK T,ENGINEERING,FALL,2021
CSCE,221,504,8,12,9,1,1,31,2.806,0,0,0,1,0,32,LEYK T,ENGINEERING,FALL,2021
CSCE,221,505,4,17,8,1,0,30,2.800,0,0,0,2,0,32,LEYK T,ENGINEERING,FALL,2021
CSCE,221,506,5,16,6,1,0,28,2.892,0,0,0,5,0,33,LEYK T,ENGINEERING,FALL,2021
CSCE,221,507,10,9,2,1,0,22,3.272,0,0,0,1,0,23,LEYK T,ENGINEERING,FALL,2021
CSCE,221,508,13,11,0,0,0,24,3.541,0,0,0,0,0,24,LEYK T,ENGINEERING,FALL,2021
CSCE,221,509,10,7,5,1,0,23,3.130,0,0,0,1,0,24,LEYK T,ENGINEERING,FALL,2021
CSCE,221,510,12,9,2,0,0,23,3.434,0,0,0,1,0,24,LEYK T,ENGINEERING,FALL,2021
CSCE,221,599,44,16,6,4,3,73,3.287,1,0,0,10,0,84,LUPOLI S,ENGINEERING,FALL,2021
CSCE,222,200,24,4,0,0,0,28,3.857,0,0,0,1,0,29,WELCH J,ENGINEERING,FALL,2021
CSCE,222,500,49,44,4,0,0,97,3.463,0,0,0,2,0,99,SZE S,ENGINEERING,FALL,2021
CSCE,222,501,14,26,25,4,0,69,2.724,1,0,0,20,0,90,LEE H,ENGINEERING,FALL,2021
CSCE,222,502,20,20,15,3,1,59,2.932,1,0,0,28,0,88,LEE H,ENGINEERING,FALL,2021
CSCE,222,503,47,40,5,3,1,96,3.343,0,0,0,3,0,99,HOUNGNINOU D,ENGINEERING,FALL,2021
CSCE,222,504,38,36,8,6,2,90,3.133,1,0,0,7,0,98,HOUNGNINOU D,ENGINEERING,FALL,2021
CSCE,222,505,7,18,10,2,1,38,2.736,0,0,0,8,0,46,LEE H,ENGINEERING,FALL,2021
CSCE,310,500,83,13,1,0,0,97,3.845,0,0,0,0,0,97,MCGUIRE T,ENGINEERING,FALL,2021
CSCE,312,501,24,3,2,0,1,30,3.633,0,0,0,2,0,32,JIMENEZ D,ENGINEERING,FALL,2021
CSCE,312,502,23,0,3,1,1,28,3.535,0,0,0,0,0,28,JIMENEZ D,ENGINEERING,FALL,2021
CSCE,312,503,10,2,0,1,0,13,3.615,0,0,0,0,0,13,JIMENEZ D,ENGINEERING,FALL,2021
CSCE,312,504,6,9,5,0,1,21,2.904,1,0,0,2,0,24,HOUNGNINOU D,ENGINEERING,FALL,2021
CSCE,312,505,10,9,3,0,1,23,3.173,0,0,0,1,0,24,HOUNGNINOU D,ENGINEERING,FALL,2021
CSCE,312,506,10,9,2,1,1,23,3.130,0,0,0,0,0,23,HOUNGNINOU D,ENGINEERING,FALL,2021
CSCE,312,507,15,5,3,0,1,24,3.375,0,0,0,0,0,24,HOUNGNINOU D,ENGINEERING,FALL,2021
CSCE,313,505,3,3,1,0,0,7,3.285,0,0,0,1,0,8,AHMED S,ENGINEERING,FALL,2021
CSCE,313,506,14,7,1,0,0,22,3.590,0,0,0,2,0,24,AHMED S,ENGINEERING,FALL,2021
CSCE,313,507,5,14,2,1,1,23,2.913,0,0,0,0,0,23,AHMED S,ENGINEERING,FALL,2021
CSCE,313,508,14,5,2,0,0,21,3.571,0,0,0,2,0,23,AHMED S,ENGINEERING,FALL,2021
CSCE,313,509,10,1,0,0,5,16,2.687,0,0,0,2,0,18,AHMED S,ENGINEERING,FALL,2021
CSCE,313,511,15,4,2,0,0,21,3.619,0,0,0,2,0,23,AHMED S,ENGINEERING,FALL,2021
CSCE,313,512,4,7,1,0,4,16,2.437,0,0,0,1,0,17,AHMED S,ENGINEERING,FALL,2021
CSCE,313,588,21,1,0,0,1,23,3.782,0,0,0,2,0,25,TYAGI A,ENGINEERING,FALL,2021
CSCE,313,589,21,1,0,0,0,22,3.954,1,0,0,1,0,24,AHMED S,ENGINEERING,FALL,2021
CSCE,313,590,19,2,0,0,0,21,3.904,0,0,0,1,0,22,AHMED S,ENGINEERING,FALL,2021
CSCE,313,591,13,5,0,0,1,19,3.526,0,0,0,2,0,21,AHMED S,ENGINEERING,FALL,2021
CSCE,313,592,22,4,4,1,0,31,3.516,0,0,0,2,0,33,TYAGI A,ENGINEERING,FALL,2021
CSCE,313,593,25,3,1,0,1,30,3.700,0,0,0,3,0,33,TYAGI A,ENGINEERING,FALL,2021
CSCE,313,594,19,4,2,0,1,26,3.538,0,0,0,7,0,33,TYAGI A,ENGINEERING,FALL,2021
CSCE,313,595,15,5,0,0,0,20,3.750,0,0,0,3,0,23,TYAGI A,ENGINEERING,FALL,2021
CSCE,313,596,17,3,2,0,1,23,3.521,0,0,0,1,0,24,TYAGI A,ENGINEERING,FALL,2021
CSCE,313,597,16,4,1,1,0,22,3.590,0,0,0,1,0,23,TYAGI A,ENGINEERING,FALL,2021
CSCE,313,598,22,4,0,0,0,26,3.846,0,0,0,2,0,28,TYAGI A,ENGINEERING,FALL,2021
CSCE,313,599,20,0,1,0,2,23,3.565,0,0,0,1,0,24,AHMED S,ENGINEERING,FALL,2021
CSCE,314,502,24,46,14,2,2,88,3.000,0,0,0,11,0,99,SHELL D,ENGINEERING,FALL,2021
CSCE,314,599,68,18,7,2,0,95,3.600,2,0,0,2,0,99,LUPOLI S,ENGINEERING,FALL,2021
CSCE,315,290,27,1,0,0,0,28,3.964,0,0,0,0,0,28,CHOE Y,ENGINEERING,FALL,2021
CSCE,315,901,15,5,1,0,0,21,3.666,0,0,0,0,0,21,THOMAS S,ENGINEERING,FALL,2021
CSCE,315,902,20,3,1,0,0,24,3.791,0,0,0,1,0,25,THOMAS S,ENGINEERING,FALL,2021
CSCE,315,903,26,3,1,0,0,30,3.833,0,0,0,0,0,30,THOMAS S,ENGINEERING,FALL,2021
CSCE,315,904,21,2,1,0,0,24,3.833,0,0,0,0,0,24,THOMAS S,ENGINEERING,FALL,2021
CSCE,315,905,19,5,2,0,1,27,3.518,0,0,0,0,0,27,THOMAS S,ENGINEERING,FALL,2021
CSCE,315,906,25,4,0,0,0,29,3.862,0,0,0,1,0,30,THOMAS S,ENGINEERING,FALL,2021
CSCE,315,907,18,1,0,1,0,20,3.800,0,0,0,0,0,20,TAELE P,ENGINEERING,FALL,2021
CSCE,315,908,22,0,0,0,0,22,4.000,0,0,0,0,0,22,TAELE P,ENGINEERING,FALL,2021
CSCE,315,909,17,4,1,0,0,22,3.727,0,0,0,0,0,22,TAELE P,ENGINEERING,FALL,2021
CSCE,315,910,24,0,0,0,0,24,4.000,0,0,0,0,0,24,TAELE P,ENGINEERING,FALL,2021
CSCE,315,911,7,1,0,0,0,8,3.875,0,0,0,0,0,8,TAELE P,ENGINEERING,FALL,2021
CSCE,315,912,14,5,0,0,1,20,3.550,1,0,0,0,0,21,TAELE P,ENGINEERING,FALL,2021
CSCE,315,913,19,3,0,0,0,22,3.863,0,0,0,0,0,22,TAELE P,ENGINEERING,FALL,2021
CSCE,315,914,23,0,0,0,0,23,4.000,0,0,0,0,0,23,TAELE P,ENGINEERING,FALL,2021
CSCE,402,500,68,5,1,0,0,74,3.905,1,0,0,2,0,77,DEWITTE P,ENGINEERING,FALL,2021
CSCE,410,500,52,16,11,1,1,81,3.444,2,0,0,3,0,86,DA SILVA D,ENGINEERING,FALL,2021
CSCE,410,501,20,8,5,1,2,36,3.194,0,0,0,10,0,46,BETTATI R,ENGINEERING,FALL,2021
CSCE,411,501,24,33,15,2,3,77,2.948,2,0,0,12,0,91,KLAPPENECKER A,ENGINEERING,FALL,2021
CSCE,411,502,49,46,0,0,0,95,3.515,0,0,0,4,0,99,JIANG A,ENGINEERING,FALL,2021
CSCE,412,210,15,0,0,0,0,15,4.000,0,0,0,1,0,16,LIGHTFOOT R,ENGINEERING,FALL,2021
CSCE,412,501,61,14,4,0,0,79,3.721,1,0,0,3,0,83,LIGHTFOOT R,ENGINEERING,FALL,2021
CSCE,420,500,29,17,11,1,2,60,3.166,0,0,0,11,0,71,SHELL D,ENGINEERING,FALL,2021
CSCE,420,501,47,32,2,0,2,83,3.469,0,0,0,2,0,85,CHOE Y,ENGINEERING,FALL,2021
CSCE,421,201,12,2,0,0,0,14,3.857,0,0,0,0,0,14,MORTAZAVI B,ENGINEERING,FALL,2021
CSCE,421,500,29,26,11,9,1,76,2.960,0,0,0,11,0,87,SHARON G,ENGINEERING,FALL,2021
CSCE,421,501,32,21,12,5,1,71,3.098,1,0,0,7,0,79,MORTAZAVI B,ENGINEERING,FALL,2021
CSCE,431,500,16,2,0,0,0,18,3.888,0,0,0,0,0,18,WADE P,ENGINEERING,FALL,2021
CSCE,431,504,15,2,0,0,0,17,3.882,0,0,0,0,0,17,WADE P,ENGINEERING,FALL,2021
CSCE,431,505,19,1,1,0,0,21,3.857,0,0,0,0,0,21,WADE P,ENGINEERING,FALL,2021
CSCE,431,506,20,1,0,0,0,21,3.952,0,0,0,0,0,21,WADE P,ENGINEERING,FALL,2021
CSCE,431,508,13,2,1,0,0,16,3.750,0,0,0,3,0,19,WADE P,ENGINEERING,FALL,2021
CSCE,434,501,4,4,5,0,1,14,2.714,0,0,0,12,0,26,NGUYEN K,ENGINEERING,FALL,2021
CSCE,435,500,53,3,0,0,0,56,3.946,0,0,0,1,0,57,PEARCE O,ENGINEERING,FALL,2021
CSCE,436,500,78,18,0,0,0,96,3.812,0,0,0,1,0,97,MOORE J,ENGINEERING,FALL,2021
CSCE,441,500,17,15,3,2,2,39,3.102,1,0,0,7,0,47,KHADEMI KALANTARI N,ENGINEERING,FALL,2021
CSCE,447,500,33,4,0,0,1,38,3.789,0,0,0,1,0,39,SHIPMAN F,ENGINEERING,FALL,2021
CSCE,452,500,17,8,1,0,0,26,3.615,0,0,0,0,0,26,SONG D,ENGINEERING,FALL,2021
CSCE,462,500,20,9,1,0,0,30,3.633,0,0,0,0,0,30,LIU J,ENGINEERING,FALL,2021
CSCE,462,501,6,7,3,0,0,16,3.187,0,0,0,2,0,18,LIU J,ENGINEERING,FALL,2021
CSCE,463,500,15,6,1,0,1,23,3.478,1,0,0,4,0,28,LOGUINOV D,ENGINEERING,FALL,2021
CSCE,465,201,5,0,0,0,0,5,4.000,0,0,0,0,0,5,ZHANG Y,ENGINEERING,FALL,2021
CSCE,465,500,19,32,18,1,4,74,2.824,0,0,0,13,0,87,GU G,ENGINEERING,FALL,2021
CSCE,465,501,11,25,14,2,0,52,2.865,1,0,0,0,0,53,ZHANG Y,ENGINEERING,FALL,2021
CSCE,469,500,10,3,3,2,0,18,3.166,0,0,0,1,0,19,KIM E,ENGINEERING,FALL,2021
CSCE,477,500,51,0,0,0,1,52,3.923,1,0,0,1,0,54,DEWITTE P,ENGINEERING,FALL,2021
CSCE,481,599,310,11,4,0,2,327,3.917,0,0,0,0,0,327,GUTIERREZ-OSUNA R,ENGINEERING,FALL,2021
CSCE,482,931,17,7,2,0,0,26,3.576,0,0,0,0,0,26,KINGERY A,ENGINEERING,FALL,2021
CSCE,482,932,28,0,0,0,0,28,4.000,0,0,0,0,1,29,HAMMOND T,ENGINEERING,FALL,2021
CSCE,482,933,25,2,0,0,0,27,3.925,0,0,0,0,0,27,WADE P,ENGINEERING,FALL,2021
CSCE,483,931,19,10,0,0,0,29,3.655,0,0,0,1,0,30,MURPHY R,ENGINEERING,FALL,2021
CSCE,489,501,13,4,1,0,0,18,3.666,0,0,0,4,0,22,SUEDA S,ENGINEERING,FALL,2021
CSCE,489,502,24,18,1,0,1,44,3.454,0,0,0,3,0,47,CARLISLE M,ENGINEERING,FALL,2021
CSCE,489,503,8,8,2,0,0,18,3.333,0,0,0,0,0,18,MAHAPATRA R,ENGINEERING,FALL,2021
CSCE,491,206,5,0,0,0,0,5,4.000,0,0,0,0,0,5,HUANG S,ENGINEERING,FALL,2021
CSCE,491,208,5,0,0,0,0,5,4.000,0,0,0,0,0,5,MORTAZAVI B,ENGINEERING,FALL,2021
CSCE,491,213,5,0,0,0,0,5,4.000,0,0,0,0,0,5,CAVERLEE J,ENGINEERING,FALL,2021
CSCE,491,230,6,0,0,0,0,6,4.000,0,0,0,0,0,6,CHOE Y,ENGINEERING,FALL,2021
CSCE,606,600,94,5,0,0,0,99,3.949,0,0,0,1,0,100,WALKER D,ENGINEERING,FALL,2021
CSCE,611,600,42,5,2,0,0,49,3.816,1,0,0,2,0,52,BETTATI R,ENGINEERING,FALL,2021
CSCE,612,600,10,1,2,0,1,14,2.937,3,0,0,2,0,19,LOGUINOV D,ENGINEERING,FALL,2021
CSCE,614,600,18,9,2,0,0,29,3.551,0,0,0,1,0,30,JIMENEZ D,ENGINEERING,FALL,2021
CSCE,614,700,4,2,0,0,0,6,3.666,0,0,0,4,0,10,KIM E,ENGINEERING,FALL,2021
CSCE,629,601,35,55,2,0,0,92,3.358,1,0,0,2,0,95,CHEN J,ENGINEERING,FALL,2021
CSCE,633,600,99,0,0,0,0,99,4.000,0,0,0,0,0,99,CHASPARI T,ENGINEERING,FALL,2021
CSCE,636,600,61,21,1,2,1,86,3.616,4,0,0,7,0,97,JI S,ENGINEERING,FALL,2021
CSCE,643,600,24,4,0,0,0,28,3.857,0,0,0,1,0,29,SONG D,ENGINEERING,FALL,2021
CSCE,645,600,11,5,2,0,0,18,3.500,0,0,0,3,0,21,KEYSER J,ENGINEERING,FALL,2021
CSCE,646,701,7,0,0,1,0,8,3.625,0,0,0,1,0,9,AKLEMAN E,ENGINEERING,FALL,2021
CSCE,664,601,9,5,0,0,1,15,3.400,0,0,0,0,0,15,STOLERU R,ENGINEERING,FALL,2021
CSCE,669,601,14,10,0,0,0,24,3.583,0,0,0,0,0,24,CHEN J,ENGINEERING,FALL,2021
CSCE,676,601,81,18,0,0,0,99,3.818,0,0,0,1,0,100,CAVERLEE J,ENGINEERING,FALL,2021
CSCE,679,600,42,2,0,0,0,44,3.954,0,0,0,0,0,44,SHIPMAN F,ENGINEERING,FALL,2021
CSCE,685,600,14,0,0,0,1,15,3.647,0,0,0,0,0,15,WALKER D,ENGINEERING,FALL,2021
CSCE,689,601,12,5,0,0,0,17,3.705,2,0,0,0,0,19,MAHAPATRA R,ENGINEERING,FALL,2021
CSCE,689,602,17,1,0,0,0,18,3.944,0,0,0,0,0,18,MUZAHID A,ENGINEERING,FALL,2021
CSCE,689,605,23,16,0,0,0,39,3.589,0,0,0,1,0,40,VELDT L,ENGINEERING,FALL,2021
CSCE,702,601,17,0,1,0,1,19,3.684,0,0,0,0,0,19,DEWITTE P,ENGINEERING,FALL,2021
CSCE,703,600,32,0,0,0,1,33,3.878,0,0,0,0,0,33,DEWITTE P,ENGINEERING,FALL,2021
CSCE,704,601,24,12,1,0,0,37,3.621,0,0,0,0,0,37,CARLISLE M,ENGINEERING,FALL,2021
CSCE,711,601,12,5,1,0,0,18,3.611,1,0,0,0,0,19,GARAY J,ENGINEERING,FALL,2021
CSCE,713,601,79,1,0,0,0,80,3.987,0,0,0,0,0,80,TSAI C,ENGINEERING,FALL,2021
CSCE,713,701,13,1,0,0,0,14,3.928,0,0,0,0,0,14,TSAI C,ENGINEERING,FALL,2021
CSCE,735,600,49,1,0,0,0,50,3.980,0,0,0,0,0,50,SARIN V,ENGINEERING,FALL,2021
CSCE,735,700,9,1,0,0,0,10,3.900,0,0,0,1,0,11,SARIN V,ENGINEERING,FALL,2021
ECEN,214,200,12,1,0,0,0,13,3.923,0,0,0,0,0,13,MILLER S,ENGINEERING,FALL,2021
ECEN,214,501,6,3,2,1,0,12,3.166,0,0,0,4,0,16,MILLER S,ENGINEERING,FALL,2021
ECEN,214,502,2,4,8,0,0,14,2.571,0,0,0,1,0,15,MILLER S,ENGINEERING,FALL,2021
ECEN,214,503,5,3,4,2,0,14,2.785,0,0,0,1,0,15,MILLER S,ENGINEERING,FALL,2021
ECEN,214,504,6,4,1,2,0,13,3.076,0,0,0,2,0,15,MILLER S,ENGINEERING,FALL,2021
ECEN,214,505,3,3,4,2,0,12,2.583,0,0,0,4,0,16,MILLER S,ENGINEERING,FALL,2021
ECEN,214,506,3,5,4,2,0,14,2.642,0,0,0,2,0,16,MILLER S,ENGINEERING,FALL,2021
ECEN,214,507,3,3,4,1,1,12,2.500,0,0,0,4,0,16,MILLER S,ENGINEERING,FALL,2021
ECEN,214,508,3,6,2,1,0,12,2.916,0,0,0,3,0,15,MILLER S,ENGINEERING,FALL,2021
ECEN,214,509,3,2,4,1,1,11,2.454,0,0,0,3,0,14,MILLER S,ENGINEERING,FALL,2021
ECEN,214,510,2,4,3,3,0,12,2.416,0,0,0,3,0,15,MILLER S,ENGINEERING,FALL,2021
ECEN,214,511,2,2,1,3,0,8,2.375,0,0,0,0,0,8,MILLER S,ENGINEERING,FALL,2021
ECEN,215,501,10,12,4,0,0,26,3.230,1,0,0,4,0,31,JOHNSON M,ENGINEERING,FALL,2021
ECEN,215,502,7,14,6,2,0,29,2.896,0,0,0,2,0,31,JOHNSON M,ENGINEERING,FALL,2021
ECEN,215,503,7,14,3,2,0,26,3.000,0,0,0,5,0,31,JOHNSON M,ENGINEERING,FALL,2021
ECEN,215,504,8,15,5,0,1,29,3.000,0,0,0,2,0,31,RAHIMIAN M,ENGINEERING,FALL,2021
ECEN,215,505,5,12,7,2,1,27,2.666,0,0,0,5,0,32,RAHIMIAN M,ENGINEERING,FALL,2021
ECEN,215,506,6,14,8,2,0,30,2.800,1,0,0,2,0,33,RAHIMIAN M,ENGINEERING,FALL,2021
ECEN,215,507,8,10,6,1,2,27,2.777,0,0,0,5,0,32,RAHIMIAN M,ENGINEERING,FALL,2021
ECEN,215,508,6,8,8,4,0,26,2.615,0,0,0,5,0,31,RAHIMIAN M,ENGINEERING,FALL,2021
ECEN,215,509,8,11,5,2,0,26,2.961,0,0,0,4,0,30,RAHIMIAN M,ENGINEERING,FALL,2021
ECEN,215,510,6,6,9,1,0,22,2.772,0,0,0,8,0,30,RAHIMIAN M,ENGINEERING,FALL,2021
ECEN,215,511,10,8,6,3,1,28,2.821,0,0,0,2,0,30,RAHIMIAN M,ENGINEERING,FALL,2021
ECEN,215,512,7,7,10,1,1,26,2.692,0,0,0,5,0,31,RAHIMIAN M,ENGINEERING,FALL,2021
ECEN,215,516,5,15,8,0,0,28,2.892,0,0,0,3,0,31,TYLER J,ENGINEERING,FALL,2021
ECEN,215,517,6,17,7,1,0,31,2.903,0,0,0,1,0,32,TYLER J,ENGINEERING,FALL,2021
ECEN,215,518,4,12,9,2,0,27,2.666,0,0,0,4,0,31,TYLER J,ENGINEERING,FALL,2021
ECEN,248,200,14,1,0,0,0,15,3.933,0,0,0,0,0,15,CANTRELL P,ENGINEERING,FALL,2021
ECEN,248,502,8,5,2,0,1,16,3.187,0,0,0,0,0,16,CANTRELL P,ENGINEERING,FALL,2021
ECEN,248,503,4,7,4,0,0,15,3.000,0,0,0,0,0,15,CANTRELL P,ENGINEERING,FALL,2021
ECEN,248,504,5,7,3,0,1,16,2.937,0,0,0,0,0,16,CANTRELL P,ENGINEERING,FALL,2021
ECEN,248,505,8,6,1,0,0,15,3.466,0,0,0,1,0,16,CANTRELL P,ENGINEERING,FALL,2021
ECEN,248,506,4,8,3,0,0,15,3.066,0,0,0,1,0,16,CANTRELL P,ENGINEERING,FALL,2021
ECEN,248,507,5,6,3,0,0,14,3.142,0,0,0,1,0,15,SHI W,ENGINEERING,FALL,2021
ECEN,248,508,3,6,4,0,0,13,2.923,1,0,0,2,0,16,SHI W,ENGINEERING,FALL,2021
ECEN,248,509,9,4,1,0,1,15,3.333,0,0,0,1,0,16,SHI W,ENGINEERING,FALL,2021
ECEN,248,510,6,1,3,1,0,11,3.090,0,0,0,5,0,16,SHI W,ENGINEERING,FALL,2021
ECEN,248,511,3,6,2,1,0,12,2.916,0,0,0,4,0,16,SHI W,ENGINEERING,FALL,2021
ECEN,248,512,1,5,5,0,1,12,2.416,0,0,0,3,0,15,SHI W,ENGINEERING,FALL,2021
ECEN,248,513,3,8,4,0,0,15,2.933,0,0,0,1,0,16,SHI W,ENGINEERING,FALL,2021
ECEN,248,514,2,3,5,0,0,10,2.700,0,0,0,4,0,14,SHI W,ENGINEERING,FALL,2021
ECEN,248,515,3,4,6,0,1,14,2.571,0,0,0,1,0,15,SHI W,ENGINEERING,FALL,2021
ECEN,248,516,3,6,4,0,1,14,2.714,0,0,0,2,0,16,SHI W,ENGINEERING,FALL,2021
ECEN,248,517,8,6,2,0,0,16,3.375,0,0,0,0,0,16,SHI W,ENGINEERING,FALL,2021
ECEN,248,518,6,5,2,0,1,14,3.071,0,0,0,0,0,14,SHI W,ENGINEERING,FALL,2021
ECEN,248,519,8,8,0,0,0,16,3.500,0,0,0,0,0,16,CANTRELL P,ENGINEERING,FALL,2021
ECEN,248,520,9,5,2,0,0,16,3.437,0,0,0,0,0,16,CANTRELL P,ENGINEERING,FALL,2021
ECEN,248,521,9,6,0,1,0,16,3.437,0,0,0,0,0,16,CANTRELL P,ENGINEERING,FALL,2021
ECEN,248,522,6,7,2,0,0,15,3.266,0,0,0,0,0,15,CANTRELL P,ENGINEERING,FALL,2021
ECEN,248,523,5,9,2,0,0,16,3.187,0,0,0,0,0,16,CANTRELL P,ENGINEERING,FALL,2021
ECEN,248,524,7,5,3,1,0,16,3.125,0,0,0,0,0,16,CANTRELL P,ENGINEERING,FALL,2021
ECEN,248,525,4,4,3,0,0,11,3.090,0,0,0,3,0,14,TYLER J,ENGINEERING,FALL,2021
ECEN,248,526,4,8,2,0,0,14,3.142,0,0,0,1,0,15,TYLER J,ENGINEERING,FALL,2021
ECEN,248,527,7,6,2,0,0,15,3.333,0,0,0,1,0,16,TYLER J,ENGINEERING,FALL,2021
ECEN,248,528,7,5,1,2,0,15,3.133,0,0,0,1,0,16,TYLER J,ENGINEERING,FALL,2021
ECEN,248,529,8,5,2,1,0,16,3.250,0,0,0,0,0,16,TYLER J,ENGINEERING,FALL,2021
ECEN,248,530,10,3,2,0,0,15,3.533,0,0,0,0,0,15,TYLER J,ENGINEERING,FALL,2021
ECEN,303,501,9,38,15,2,2,66,2.757,0,0,0,3,0,69,CHAMBERLAND-,ENGINEERING,FALL,2021
ECEN,303,502,6,18,6,0,1,31,2.903,0,0,0,0,0,31,SAVARI S,ENGINEERING,FALL,2021
ECEN,314,200,6,2,0,0,0,8,3.750,0,0,0,1,0,9,SHEN Y,ENGINEERING,FALL,2021
ECEN,314,501,30,42,6,0,0,78,3.307,0,0,0,0,0,78,SHEN Y,ENGINEERING,FALL,2021
ECEN,314,502,29,33,24,2,0,88,3.011,0,0,0,6,0,94,NARAYANAN K,ENGINEERING,FALL,2021
ECEN,314,503,24,24,29,6,1,84,2.761,0,0,0,9,0,93,DATTA A,ENGINEERING,FALL,2021
ECEN,314,504,23,12,5,1,1,42,3.309,0,0,0,4,0,46,HEIDARZADEH A,ENGINEERING,FALL,2021
ECEN,322,200,5,3,0,0,0,8,3.625,0,0,0,2,0,10,NEVELS R,ENGINEERING,FALL,2021
ECEN,322,501,14,21,18,2,4,59,2.661,1,0,0,24,0,84,NEVELS R,ENGINEERING,FALL,2021
ECEN,322,502,6,22,36,5,4,73,2.287,0,0,0,4,0,77,TYLER J,ENGINEERING,FALL,2021
ECEN,325,200,6,0,0,0,0,6,4.000,0,0,0,0,0,6,MOREIRA-TAMAYO O,ENGINEERING,FALL,2021
ECEN,325,502,4,9,2,0,0,15,3.133,0,0,0,0,0,15,MOREIRA-TAMAYO O,ENGINEERING,FALL,2021
ECEN,325,503,1,4,5,1,1,12,2.250,0,0,0,4,0,16,MOREIRA-TAMAYO O,ENGINEERING,FALL,2021
ECEN,325,504,4,6,2,0,0,12,3.166,0,0,0,2,0,14,MOREIRA-TAMAYO O,ENGINEERING,FALL,2021
ECEN,325,505,3,9,2,0,0,14,3.071,0,0,0,0,0,14,MOREIRA-TAMAYO O,ENGINEERING,FALL,2021
ECEN,325,506,1,10,1,1,1,14,2.642,0,0,0,1,0,15,MOREIRA-TAMAYO O,ENGINEERING,FALL,2021
ECEN,325,507,6,6,1,1,0,14,3.214,0,0,0,2,0,16,SILVA-MARTINEZ J,ENGINEERING,FALL,2021
ECEN,325,508,5,4,3,0,1,13,2.923,0,0,0,2,0,15,SILVA-MARTINEZ J,ENGINEERING,FALL,2021
ECEN,325,509,5,6,2,1,0,14,3.071,0,0,0,1,0,15,SILVA-MARTINEZ J,ENGINEERING,FALL,2021
ECEN,325,510,1,7,3,2,0,13,2.538,0,0,0,1,0,14,SILVA-MARTINEZ J,ENGINEERING,FALL,2021
ECEN,325,511,5,7,1,0,0,13,3.307,0,0,0,3,0,16,SILVA-MARTINEZ J,ENGINEERING,FALL,2021
ECEN,325,512,5,8,3,0,0,16,3.125,0,0,0,0,0,16,SILVA-MARTINEZ J,ENGINEERING,FALL,2021
ECEN,325,513,9,3,0,0,1,13,3.461,0,0,0,2,0,15,HOYOS S,ENGINEERING,FALL,2021
ECEN,325,514,10,4,0,0,0,14,3.714,0,0,0,1,0,15,HOYOS S,ENGINEERING,FALL,2021
ECEN,325,515,7,5,0,0,0,12,3.583,0,0,0,4,0,16,HOYOS S,ENGINEERING,FALL,2021
ECEN,325,516,8,2,2,1,1,14,3.071,0,0,0,2,0,16,HOYOS S,ENGINEERING,FALL,2021
ECEN,325,517,12,3,0,0,0,15,3.800,0,0,0,1,0,16,HOYOS S,ENGINEERING,FALL,2021
ECEN,325,518,7,8,0,0,0,15,3.466,0,0,0,0,0,15,HOYOS S,ENGINEERING,FALL,2021
ECEN,325,519,1,3,1,0,0,5,3.000,0,0,0,0,0,5,MOREIRA-TAMAYO O,ENGINEERING,FALL,2021
ECEN,325,520,0,6,1,3,0,10,2.300,0,0,0,1,0,11,MOREIRA-TAMAYO O,ENGINEERING,FALL,2021
ECEN,325,521,3,5,1,0,0,9,3.222,0,0,0,4,0,13,MOREIRA-TAMAYO O,ENGINEERING,FALL,2021
ECEN,325,522,3,6,1,1,0,11,3.000,0,0,0,4,0,15,MOREIRA-TAMAYO O,ENGINEERING,FALL,2021
ECEN,326,501,4,0,0,0,1,5,3.200,0,0,0,0,0,5,HOYOS S,ENGINEERING,FALL,2021
ECEN,326,502,8,2,2,0,0,12,3.500,0,0,0,3,0,15,HOYOS S,ENGINEERING,FALL,2021
ECEN,340,501,20,22,16,0,1,59,3.016,0,0,0,7,0,66,LIU Y,ENGINEERING,FALL,2021
ECEN,340,502,27,43,16,2,0,88,3.079,0,0,0,4,0,92,DAVIS K,ENGINEERING,FALL,2021
ECEN,350,200,14,1,1,0,0,16,3.812,0,0,0,0,0,16,GRATZ P,ENGINEERING,FALL,2021
ECEN,350,502,7,5,2,0,0,14,3.357,1,0,0,1,0,16,GRATZ P,ENGINEERING,FALL,2021
ECEN,350,503,10,5,0,1,0,16,3.500,0,0,0,0,0,16,GRATZ P,ENGINEERING,FALL,2021
ECEN,350,504,11,3,1,0,0,15,3.666,1,0,0,0,0,16,GRATZ P,ENGINEERING,FALL,2021
ECEN,350,505,6,8,1,1,0,16,3.187,0,0,0,0,0,16,GRATZ P,ENGINEERING,FALL,2021
ECEN,350,506,6,6,2,0,0,14,3.285,0,0,0,1,0,15,GRATZ P,ENGINEERING,FALL,2021
ECEN,350,507,8,5,0,1,0,14,3.428,0,0,0,2,0,16,GRATZ P,ENGINEERING,FALL,2021
ECEN,350,508,9,4,2,1,0,16,3.312,0,0,0,0,0,16,GRATZ P,ENGINEERING,FALL,2021
ECEN,350,509,8,6,2,0,0,16,3.375,0,0,0,0,0,16,GRATZ P,ENGINEERING,FALL,2021
ECEN,350,510,9,3,0,1,2,15,3.066,0,0,0,1,0,16,GRATZ P,ENGINEERING,FALL,2021
ECEN,350,511,6,8,2,0,0,16,3.250,0,0,0,0,0,16,GRATZ P,ENGINEERING,FALL,2021
ECEN,350,512,8,6,0,0,0,14,3.571,0,0,0,1,0,15,GRATZ P,ENGINEERING,FALL,2021
ECEN,350,513,4,8,1,0,0,13,3.230,0,0,0,2,0,15,LU M,ENGINEERING,FALL,2021
ECEN,350,514,1,3,1,1,1,7,2.285,1,0,0,0,0,8,LU M,ENGINEERING,FALL,2021
ECEN,350,515,5,4,1,1,0,11,3.181,0,0,0,1,0,12,LU M,ENGINEERING,FALL,2021
ECEN,350,516,3,3,3,0,0,9,3.000,1,0,0,2,0,12,LU M,ENGINEERING,FALL,2021
ECEN,350,517,4,3,1,3,1,12,2.500,0,0,0,3,0,15,LU M,ENGINEERING,FALL,2021
ECEN,350,518,3,2,2,1,3,11,2.090,0,0,0,3,0,14,LU M,ENGINEERING,FALL,2021
ECEN,370,501,8,12,8,0,1,29,2.896,0,0,0,4,0,33,HEMMER P,ENGINEERING,FALL,2021
ECEN,370,502,28,35,21,7,2,93,2.860,0,0,0,0,0,93,ZOU J,ENGINEERING,FALL,2021
ECEN,403,901,14,26,2,0,0,42,3.285,0,0,0,1,0,43,LUSHER J,ENGINEERING,FALL,2021
ECEN,403,902,4,25,10,0,1,40,2.775,0,0,0,1,0,41,LUSHER J,ENGINEERING,FALL,2021
ECEN,403,903,19,22,0,0,0,41,3.463,1,0,0,1,0,43,LUSHER J,ENGINEERING,FALL,2021
ECEN,403,904,18,21,3,0,1,43,3.279,0,0,0,1,0,44,KALAFATIS S,ENGINEERING,FALL,2021
ECEN,403,905,14,29,0,0,0,43,3.325,0,0,0,2,0,45,KALAFATIS S,ENGINEERING,FALL,2021
ECEN,403,970,3,0,2,0,0,5,3.200,0,0,0,0,0,5,LUSHER J,ENGINEERING,FALL,2021
ECEN,403,974,2,5,0,0,0,7,3.285,0,0,0,0,0,7,KALAFATIS S,ENGINEERING,FALL,2021
ECEN,404,901,13,31,5,0,1,50,3.100,0,0,0,0,0,50,NOWKA K,ENGINEERING,FALL,2021
ECEN,404,902,15,27,7,0,0,49,3.163,0,0,0,0,0,49,NOWKA K,ENGINEERING,FALL,2021
ECEN,404,903,6,17,7,0,0,30,2.966,0,0,0,0,0,30,DHULIPALA P,ENGINEERING,FALL,2021
ECEN,414,501,6,2,0,0,0,8,3.750,0,0,0,0,0,8,HAN A,ENGINEERING,FALL,2021
ECEN,414,502,6,2,0,0,0,8,3.750,0,0,0,0,0,8,HAN A,ENGINEERING,FALL,2021
ECEN,414,503,5,0,0,0,0,5,4.000,0,0,0,0,0,5,HAN A,ENGINEERING,FALL,2021
ECEN,414,504,6,2,0,0,0,8,3.750,0,0,0,0,0,8,HAN A,ENGINEERING,FALL,2021
ECEN,420,501,66,12,0,0,0,78,3.846,0,0,0,2,0,80,BHATTACHARYYA S,ENGINEERING,FALL,2021
ECEN,420,700,8,2,0,0,0,10,3.800,0,0,0,2,0,12,BHATTACHARYYA S,ENGINEERING,FALL,2021
ECEN,424,500,20,29,7,0,0,56,3.232,0,0,0,6,0,62,HOU I,ENGINEERING,FALL,2021
ECEN,426,500,17,2,3,1,3,26,3.115,0,0,0,4,0,30,RAJENDRAN J,ENGINEERING,FALL,2021
ECEN,426,700,16,2,0,0,0,18,3.888,0,0,0,2,0,20,RAJENDRAN J,ENGINEERING,FALL,2021
ECEN,434,500,27,19,5,1,0,52,3.384,0,0,0,1,0,53,LIU T,ENGINEERING,FALL,2021
ECEN,438,501,3,4,3,0,0,10,3.000,0,0,0,0,0,10,ENJETI P,ENGINEERING,FALL,2021
ECEN,438,502,4,4,1,0,0,9,3.333,0,0,0,0,0,9,ENJETI P,ENGINEERING,FALL,2021
ECEN,438,503,1,3,4,0,1,9,2.333,0,0,0,0,0,9,ENJETI P,ENGINEERING,FALL,2021
ECEN,438,504,4,4,0,0,0,8,3.500,0,0,0,0,0,8,ENJETI P,ENGINEERING,FALL,2021
ECEN,438,505,2,6,3,0,0,11,2.909,0,0,0,1,0,12,ENJETI P,ENGINEERING,FALL,2021
ECEN,438,506,4,4,0,0,0,8,3.500,0,0,0,0,0,8,ENJETI P,ENGINEERING,FALL,2021
ECEN,438,507,2,5,2,1,0,10,2.800,0,0,0,0,0,10,ENJETI P,ENGINEERING,FALL,2021
ECEN,438,508,3,5,2,0,0,10,3.100,0,0,0,0,0,10,ENJETI P,ENGINEERING,FALL,2021
ECEN,442,501,8,0,1,0,0,9,3.777,0,0,0,0,0,9,TOLIYAT H,ENGINEERING,FALL,2021
ECEN,442,502,7,3,0,1,0,11,3.454,0,0,0,0,0,11,TOLIYAT H,ENGINEERING,FALL,2021
ECEN,442,503,4,3,2,0,0,9,3.222,0,0,0,0,0,9,TOLIYAT H,ENGINEERING,FALL,2021
ECEN,442,504,4,6,0,0,0,10,3.400,0,0,0,0,0,10,TOLIYAT H,ENGINEERING,FALL,2021
ECEN,442,505,1,4,3,1,0,9,2.555,0,0,0,0,0,9,TOLIYAT H,ENGINEERING,FALL,2021
ECEN,442,506,2,5,3,0,0,10,2.900,0,0,0,0,0,10,TOLIYAT H,ENGINEERING,FALL,2021
ECEN,444,500,13,14,9,0,1,37,3.027,0,0,0,1,0,38,XIONG Z,ENGINEERING,FALL,2021
ECEN,446,500,7,15,4,3,0,29,2.896,0,0,0,1,0,30,TIAN C,ENGINEERING,FALL,2021
ECEN,447,500,13,13,6,1,0,33,3.151,0,0,0,0,0,33,RIGHETTI R,ENGINEERING,FALL,2021
ECEN,449,501,1,3,2,0,0,6,2.833,0,0,0,2,0,8,KHATRI S,ENGINEERING,FALL,2021
ECEN,449,502,0,2,4,1,1,8,1.875,0,0,0,3,0,11,KHATRI S,ENGINEERING,FALL,2021
ECEN,449,503,3,6,1,0,0,10,3.200,0,0,0,1,0,11,KHATRI S,ENGINEERING,FALL,2021
ECEN,449,504,1,4,3,0,0,8,2.750,0,0,0,2,0,10,KHATRI S,ENGINEERING,FALL,2021
ECEN,449,505,1,5,2,1,0,9,2.666,0,0,0,0,0,9,KHATRI S,ENGINEERING,FALL,2021
ECEN,449,506,2,2,4,2,0,10,2.400,0,0,0,2,0,12,KHATRI S,ENGINEERING,FALL,2021
ECEN,451,500,11,15,15,3,2,46,2.652,0,0,0,15,0,61,WRIGHT S,ENGINEERING,FALL,2021
ECEN,454,501,5,4,3,0,0,12,3.166,0,0,0,0,0,12,CHOI S,ENGINEERING,FALL,2021
ECEN,454,502,2,8,2,0,0,12,3.000,0,0,0,0,0,12,CHOI S,ENGINEERING,FALL,2021
ECEN,454,503,4,5,2,0,0,11,3.181,0,0,0,1,0,12,CHOI S,ENGINEERING,FALL,2021
ECEN,454,504,2,4,1,0,0,7,3.142,1,0,0,2,0,10,CHOI S,ENGINEERING,FALL,2021
ECEN,454,505,2,4,3,0,0,9,2.888,0,0,0,0,0,9,CHOI S,ENGINEERING,FALL,2021
ECEN,454,506,2,6,2,0,0,10,3.000,0,0,0,0,0,10,CHOI S,ENGINEERING,FALL,2021
ECEN,454,507,2,6,1,0,0,9,3.111,1,0,0,2,0,12,CHOI S,ENGINEERING,FALL,2021
ECEN,454,508,3,5,3,0,0,11,3.000,0,0,0,1,0,12,CHOI S,ENGINEERING,FALL,2021
ECEN,454,509,5,4,3,0,0,12,3.166,0,0,0,0,0,12,CHOI S,ENGINEERING,FALL,2021
ECEN,454,510,6,4,0,0,0,10,3.600,1,0,0,1,0,12,CHOI S,ENGINEERING,FALL,2021
ECEN,454,511,3,7,2,0,0,12,3.083,0,0,0,0,0,12,CHOI S,ENGINEERING,FALL,2021
ECEN,454,512,6,4,1,0,0,11,3.454,0,0,0,2,0,13,CHOI S,ENGINEERING,FALL,2021
ECEN,457,501,5,5,4,0,2,16,2.687,0,0,0,1,0,17,MOREIRA-TAMAYO O,ENGINEERING,FALL,2021
ECEN,457,502,4,8,3,1,0,16,2.937,0,0,0,0,0,16,MOREIRA-TAMAYO O,ENGINEERING,FALL,2021
ECEN,459,501,4,5,2,1,0,12,3.000,0,0,0,0,0,12,JANG W,ENGINEERING,FALL,2021
ECEN,459,502,6,7,0,0,0,13,3.461,0,0,0,0,0,13,JANG W,ENGINEERING,FALL,2021
ECEN,459,503,8,3,2,0,0,13,3.461,0,0,0,0,0,13,JANG W,ENGINEERING,FALL,2021
ECEN,459,504,7,2,3,0,0,12,3.333,0,0,0,1,0,13,JANG W,ENGINEERING,FALL,2021
ECEN,459,505,7,4,1,0,1,13,3.230,0,0,0,0,0,13,JANG W,ENGINEERING,FALL,2021
ECEN,461,500,17,5,6,1,0,29,3.310,0,0,0,1,0,30,KISH L,ENGINEERING,FALL,2021
ECEN,464,501,11,11,9,0,1,32,2.968,0,0,0,4,0,36,MADSEN C,ENGINEERING,FALL,2021
ECEN,466,500,22,1,1,0,0,24,3.875,0,0,0,0,0,24,KISH L,ENGINEERING,FALL,2021
ECEN,467,501,4,2,0,0,0,6,3.666,0,0,0,2,0,8,MADSEN C,ENGINEERING,FALL,2021
ECEN,467,502,2,4,1,0,0,7,3.142,0,0,0,0,0,7,MADSEN C,ENGINEERING,FALL,2021
ECEN,467,503,1,2,3,1,0,7,2.428,0,0,0,0,0,7,MADSEN C,ENGINEERING,FALL,2021
ECEN,467,504,3,2,1,0,0,6,3.333,0,0,0,0,0,6,MADSEN C,ENGINEERING,FALL,2021
ECEN,470,500,3,9,5,0,0,17,2.882,0,0,0,1,0,18,RENTZEPIS P,ENGINEERING,FALL,2021
ECEN,474,501,2,1,2,0,0,5,3.000,0,0,0,1,0,6,KARSILAYAN A,ENGINEERING,FALL,2021
ECEN,489,500,4,13,2,1,3,23,2.608,0,0,0,1,0,24,NARAYANAN K,ENGINEERING,FALL,2021
ECEN,489,501,8,8,1,0,0,17,3.411,0,0,0,0,0,17,PARK H,ENGINEERING,FALL,2021
ECEN,491,558,6,0,0,0,0,6,4.000,0,0,0,0,0,6,ENJETI P,ENGINEERING,FALL,2021
ECEN,601,600,20,21,0,0,0,41,3.487,0,0,0,1,0,42,CHAMBERLAND-,ENGINEERING,FALL,2021
ECEN,602,600,14,14,1,0,0,29,3.448,0,0,0,0,0,29,ANNAPAREDDY N,ENGINEERING,FALL,2021
ECEN,605,600,14,5,0,0,0,19,3.736,0,0,0,0,0,19,BHATTACHARYYA S,ENGINEERING,FALL,2021
ECEN,605,700,4,2,1,0,1,8,3.000,0,0,0,2,0,10,BHATTACHARYYA S,ENGINEERING,FALL,2021
ECEN,615,600,19,4,0,0,0,23,3.826,0,0,0,0,0,23,BIRCHFIELD A,ENGINEERING,FALL,2021
ECEN,615,700,5,3,1,0,0,9,3.444,0,0,0,0,0,9,BIRCHFIELD A,ENGINEERING,FALL,2021
ECEN,620,600,21,7,0,0,0,28,3.750,0,0,0,2,0,30,PALERMO S,ENGINEERING,FALL,2021
ECEN,620,700,4,1,0,0,0,5,3.800,0,0,0,0,0,5,PALERMO S,ENGINEERING,FALL,2021
ECEN,621,600,37,6,0,0,0,43,3.860,0,0,0,1,0,44,ZHANG X,ENGINEERING,FALL,2021
ECEN,632,600,11,2,0,0,0,13,3.846,1,0,0,0,0,14,TOLIYAT H,ENGINEERING,FALL,2021
ECEN,635,600,3,3,0,0,0,6,3.500,0,0,0,1,0,7,NEVELS R,ENGINEERING,FALL,2021
ECEN,646,600,9,8,0,0,0,17,3.529,0,0,0,1,0,18,SAVARI S,ENGINEERING,FALL,2021
ECEN,649,600,44,0,0,0,0,44,4.000,0,0,0,1,0,45,LIU T,ENGINEERING,FALL,2021
ECEN,649,700,6,0,0,0,0,6,4.000,0,0,0,1,0,7,LIU T,ENGINEERING,FALL,2021
ECEN,651,601,3,2,1,0,0,6,3.333,0,0,0,0,0,6,LU M,ENGINEERING,FALL,2021
ECEN,651,602,11,7,0,0,0,18,3.611,0,0,0,0,0,18,LU M,ENGINEERING,FALL,2021
ECEN,654,601,9,1,0,0,0,10,3.900,1,0,0,0,0,11,CHOI S,ENGINEERING,FALL,2021
ECEN,654,602,7,5,0,0,0,12,3.583,0,0,0,0,0,12,CHOI S,ENGINEERING,FALL,2021
ECEN,664,600,13,0,0,0,0,13,4.000,0,0,0,0,0,13,KAMEOKA J,ENGINEERING,FALL,2021
ECEN,665,601,1,4,0,0,0,5,3.200,0,0,0,0,0,5,ENTESARI K,ENGINEERING,FALL,2021
ECEN,665,602,8,4,0,0,0,12,3.666,0,0,0,0,0,12,ENTESARI K,ENGINEERING,FALL,2021
ECEN,667,600,17,2,0,0,0,19,3.894,0,0,0,0,0,19,OVERBYE T,ENGINEERING,FALL,2021
ECEN,667,700,7,2,0,0,0,9,3.777,0,0,0,1,0,10,OVERBYE T,ENGINEERING,FALL,2021
ECEN,689,601,14,6,0,0,0,20,3.700,0,0,0,1,0,21,HOU I,ENGINEERING,FALL,2021
ECEN,689,602,32,6,0,0,0,38,3.842,0,0,0,1,0,39,HU J,ENGINEERING,FALL,2021
ECEN,704,601,5,6,1,0,0,12,3.333,0,0,0,1,0,13,KARSILAYAN A,ENGINEERING,FALL,2021
ECEN,704,602,6,6,0,0,0,12,3.500,0,0,0,0,0,12,KARSILAYAN A,ENGINEERING,FALL,2021
ECEN,704,603,5,8,2,0,0,15,3.200,0,0,0,0,0,15,KARSILAYAN A,ENGINEERING,FALL,2021
ECEN,711,600,23,0,0,0,0,23,4.000,1,0,0,1,0,25,EHSANI M,ENGINEERING,FALL,2021
ECEN,714,606,4,1,0,0,0,5,3.800,0,0,0,0,0,5,CHOI S,ENGINEERING,FALL,2021
ECEN,718,501,9,1,0,0,0,10,3.900,0,0,0,0,0,10,PARK H,ENGINEERING,FALL,2021
ECEN,749,603,5,0,0,0,0,5,4.000,0,0,0,0,0,5,KHATRI S,ENGINEERING,FALL,2021
ECEN,749,700,4,1,0,0,0,5,3.800,0,0,0,0,0,5,KHATRI S,ENGINEERING,FALL,2021
ECEN,750,600,9,1,0,0,0,10,3.900,0,0,0,0,0,10,SHAKKOTTAI S,ENGINEERING,FALL,2021
ECEN,769,600,10,3,0,0,1,14,3.500,0,0,0,0,0,14,BRAGA NETO U,ENGINEERING,FALL,2021
ECEN,772,600,6,0,0,0,0,6,4.000,0,0,0,0,0,6,ZOU J,ENGINEERING,FALL,2021
ESET,210,500,4,5,7,0,0,16,2.812,0,0,0,0,0,16,FINK R,ENGINEERING,FALL,2021
ESET,210,501,4,6,5,0,0,15,2.933,0,0,0,0,0,15,FINK R,ENGINEERING,FALL,2021
ESET,210,502,4,7,4,0,1,16,2.812,0,0,0,0,0,16,FINK R,ENGINEERING,FALL,2021
ESET,210,503,4,5,6,1,0,16,2.750,0,0,0,0,0,16,FINK R,ENGINEERING,FALL,2021
ESET,210,504,3,4,6,3,0,16,2.437,0,0,0,0,0,16,FINK R,ENGINEERING,FALL,2021
ESET,210,505,5,5,2,0,1,13,3.000,0,0,0,0,0,13,FINK R,ENGINEERING,FALL,2021
ESET,210,506,4,1,6,1,0,12,2.666,0,0,0,0,0,12,FINK R,ENGINEERING,FALL,2021
ESET,210,507,4,8,1,1,0,14,3.071,0,0,0,2,0,16,FINK R,ENGINEERING,FALL,2021
ESET,210,508,1,7,3,2,0,13,2.538,0,0,0,0,0,13,FINK R,ENGINEERING,FALL,2021
ESET,219,900,5,7,3,0,0,15,3.133,0,0,0,1,0,16,PORTER L,ENGINEERING,FALL,2021
ESET,219,901,6,5,3,1,1,16,2.875,0,0,0,0,0,16,PORTER L,ENGINEERING,FALL,2021
ESET,219,902,7,7,1,0,1,16,3.187,0,0,0,0,0,16,PORTER L,ENGINEERING,FALL,2021
ESET,219,903,8,6,1,0,0,15,3.466,0,0,0,1,0,16,PORTER L,ENGINEERING,FALL,2021
ESET,219,904,6,2,5,0,1,14,2.857,0,0,0,2,0,16,PORTER L,ENGINEERING,FALL,2021
ESET,219,905,4,5,2,0,1,12,2.916,0,0,0,0,0,12,PORTER L,ENGINEERING,FALL,2021
ESET,219,906,6,6,1,0,0,13,3.384,0,0,0,2,0,15,PORTER L,ENGINEERING,FALL,2021
ESET,219,907,10,1,2,0,1,14,3.357,1,0,0,1,0,16,PORTER L,ENGINEERING,FALL,2021
ESET,219,908,8,5,2,0,0,15,3.400,0,0,0,0,0,15,PORTER L,ENGINEERING,FALL,2021
ESET,219,909,2,4,3,0,0,9,2.888,0,0,0,1,0,10,PORTER L,ENGINEERING,FALL,2021
ESET,269,500,3,9,2,0,0,14,3.071,0,0,0,0,0,14,SARKER N,ENGINEERING,FALL,2021
ESET,269,501,6,6,3,0,1,16,3.000,0,0,0,1,0,17,SARKER N,ENGINEERING,FALL,2021
ESET,269,502,3,6,4,1,0,14,2.785,0,0,0,2,0,16,SARKER N,ENGINEERING,FALL,2021
ESET,269,503,5,7,2,0,0,14,3.214,0,0,0,0,0,14,SARKER N,ENGINEERING,FALL,2021
ESET,269,504,11,1,4,1,0,17,3.294,0,0,0,0,0,17,PORTER L,ENGINEERING,FALL,2021
ESET,269,505,8,5,1,1,1,16,3.125,0,0,0,0,0,16,PORTER L,ENGINEERING,FALL,2021
ESET,269,506,10,5,1,0,0,16,3.562,1,0,0,0,0,17,PORTER L,ENGINEERING,FALL,2021
ESET,269,507,10,6,1,0,1,18,3.333,0,0,0,0,0,18,PORTER L,ENGINEERING,FALL,2021
ESET,300,500,4,6,4,1,0,15,2.866,0,0,0,0,0,15,WALLACE J,ENGINEERING,FALL,2021
ESET,300,501,4,13,1,0,0,18,3.166,0,0,0,0,0,18,WALLACE J,ENGINEERING,FALL,2021
ESET,300,502,6,7,1,0,0,14,3.357,0,0,0,0,0,14,WALLACE J,ENGINEERING,FALL,2021
ESET,300,503,5,10,3,0,0,18,3.111,0,0,0,0,0,18,WALLACE J,ENGINEERING,FALL,2021
ESET,300,504,2,10,5,0,0,17,2.823,0,0,0,0,0,17,WALLACE J,ENGINEERING,FALL,2021
ESET,300,505,4,9,4,0,0,17,3.000,0,0,0,0,0,17,WALLACE J,ENGINEERING,FALL,2021
ESET,300,506,5,9,1,1,0,16,3.125,0,0,0,0,0,16,WALLACE J,ENGINEERING,FALL,2021
ESET,300,507,4,5,5,0,1,15,2.733,0,0,0,1,0,16,WALLACE J,ENGINEERING,FALL,2021
ESET,300,508,6,5,4,0,0,15,3.133,0,0,0,0,0,15,WALLACE J,ENGINEERING,FALL,2021
ESET,300,509,6,11,1,0,0,18,3.277,0,0,0,0,0,18,WALLACE J,ENGINEERING,FALL,2021
ESET,300,510,11,3,1,0,0,15,3.666,0,0,0,0,0,15,WALLACE J,ENGINEERING,FALL,2021
ESET,300,511,8,4,3,0,0,15,3.333,0,0,0,0,0,15,WALLACE J,ENGINEERING,FALL,2021
ESET,315,500,1,10,4,0,0,15,2.800,0,0,0,0,0,15,GOULART A,ENGINEERING,FALL,2021
ESET,315,501,2,10,4,0,0,16,2.875,0,0,0,1,0,17,GOULART A,ENGINEERING,FALL,2021
ESET,315,502,2,8,5,0,1,16,2.625,0,0,0,1,0,17,GOULART A,ENGINEERING,FALL,2021
ESET,315,503,3,7,5,0,0,15,2.866,0,0,0,0,0,15,GOULART A,ENGINEERING,FALL,2021
ESET,315,504,5,7,2,1,1,16,2.875,0,0,0,0,0,16,GOULART A,ENGINEERING,FALL,2021
ESET,319,501,12,3,0,0,0,15,3.800,0,0,0,0,0,15,AUCOIN B,ENGINEERING,FALL,2021
ESET,319,502,15,2,0,0,0,17,3.882,1,0,0,0,0,18,AUCOIN B,ENGINEERING,FALL,2021
ESET,319,503,14,1,0,0,0,15,3.933,0,0,0,0,0,15,AUCOIN B,ENGINEERING,FALL,2021
ESET,319,504,13,1,1,0,0,15,3.800,0,0,0,0,0,15,AUCOIN B,ENGINEERING,FALL,2021
ESET,329,501,5,9,3,0,0,17,3.117,0,0,0,0,0,17,ZHAN W,ENGINEERING,FALL,2021
ESET,329,502,6,12,0,0,0,18,3.333,0,0,0,0,0,18,ZHAN W,ENGINEERING,FALL,2021
ESET,329,504,5,9,3,1,0,18,3.000,0,0,0,0,0,18,ZHAN W,ENGINEERING,FALL,2021
ESET,329,505,4,8,3,1,0,16,2.937,0,0,0,0,0,16,ZHAN W,ENGINEERING,FALL,2021
ESET,333,501,10,6,1,0,0,17,3.529,0,0,0,0,0,17,LEONARD M,ENGINEERING,FALL,2021
ESET,333,502,7,10,1,0,0,18,3.333,0,0,0,0,0,18,LEONARD M,ENGINEERING,FALL,2021
ESET,333,503,6,10,1,0,0,17,3.294,0,0,0,0,0,17,LEONARD M,ENGINEERING,FALL,2021
ESET,333,504,5,13,0,0,0,18,3.277,0,0,0,0,0,18,LEONARD M,ENGINEERING,FALL,2021
ESET,333,505,5,9,2,0,0,16,3.187,0,0,0,0,0,16,LEONARD M,ENGINEERING,FALL,2021
ESET,349,501,4,3,6,0,0,13,2.846,0,0,0,0,0,13,SARKER N,ENGINEERING,FALL,2021
ESET,349,502,1,3,7,0,0,11,2.454,0,0,0,0,0,11,SARKER N,ENGINEERING,FALL,2021
ESET,349,504,1,11,3,0,0,15,2.866,0,0,0,0,0,15,SARKER N,ENGINEERING,FALL,2021
ESET,349,505,5,5,2,0,0,12,3.250,0,0,0,0,0,12,SARKER N,ENGINEERING,FALL,2021
ESET,349,506,4,6,5,0,0,15,2.933,0,0,0,0,0,15,SARKER N,ENGINEERING,FALL,2021
ESET,349,507,1,3,1,2,0,7,2.428,0,0,0,1,0,8,SARKER N,ENGINEERING,FALL,2021
ESET,349,508,5,5,3,1,0,14,3.000,0,0,0,0,0,14,SARKER N,ENGINEERING,FALL,2021
ESET,350,501,3,5,5,0,0,13,2.846,0,0,0,6,0,19,BOSSHARD J,ENGINEERING,FALL,2021
ESET,350,502,4,3,8,1,1,17,2.470,0,0,0,1,0,18,BOSSHARD J,ENGINEERING,FALL,2021
ESET,350,503,2,10,5,0,0,17,2.823,0,0,0,2,0,19,BOSSHARD J,ENGINEERING,FALL,2021
ESET,350,504,3,6,7,1,0,17,2.647,0,0,0,1,0,18,BOSSHARD J,ENGINEERING,FALL,2021
ESET,350,505,2,7,7,0,0,16,2.687,0,0,0,1,0,17,BOSSHARD J,ENGINEERING,FALL,2021
ESET,350,506,1,4,6,3,1,15,2.066,0,0,0,1,0,16,BOSSHARD J,ENGINEERING,FALL,2021
ESET,350,507,5,4,2,2,0,13,2.923,1,0,0,2,0,16,BOSSHARD J,ENGINEERING,FALL,2021
ESET,350,508,2,6,5,1,2,16,2.312,0,0,0,0,0,16,BOSSHARD J,ENGINEERING,FALL,2021
ESET,350,509,2,4,7,1,0,14,2.500,1,0,0,2,0,17,BOSSHARD J,ENGINEERING,FALL,2021
ESET,350,510,1,5,8,2,0,16,2.312,0,0,0,1,0,17,BOSSHARD J,ENGINEERING,FALL,2021
ESET,352,501,6,9,1,0,0,16,3.312,0,0,0,1,0,17,FINK R,ENGINEERING,FALL,2021
ESET,352,502,4,8,1,0,0,13,3.230,0,0,0,0,0,13,FINK R,ENGINEERING,FALL,2021
ESET,352,503,6,6,1,0,0,13,3.384,0,0,0,0,0,13,FINK R,ENGINEERING,FALL,2021
ESET,352,504,5,6,1,1,0,13,3.153,0,0,0,0,0,13,FINK R,ENGINEERING,FALL,2021
ESET,355,501,2,3,7,0,3,15,2.066,1,0,0,1,0,17,BOSSHARD J,ENGINEERING,FALL,2021
ESET,355,502,2,5,5,1,0,13,2.615,0,0,0,3,0,16,BOSSHARD J,ENGINEERING,FALL,2021
ESET,355,503,1,6,6,0,1,14,2.428,0,0,0,2,0,16,BOSSHARD J,ENGINEERING,FALL,2021
ESET,355,504,0,9,6,0,1,16,2.437,0,0,0,0,0,16,BOSSHARD J,ENGINEERING,FALL,2021
ESET,355,505,1,4,6,1,0,12,2.416,0,0,0,3,0,15,BOSSHARD J,ENGINEERING,FALL,2021
ESET,355,506,3,5,6,2,0,16,2.562,0,0,0,0,0,16,BOSSHARD J,ENGINEERING,FALL,2021
ESET,359,501,2,3,5,0,0,10,2.700,0,0,0,0,0,10,KIM J,ENGINEERING,FALL,2021
ESET,359,502,5,5,0,0,0,10,3.500,0,0,0,1,0,11,KIM J,ENGINEERING,FALL,2021
ESET,359,503,4,5,1,0,0,10,3.300,0,0,0,0,0,10,KIM J,ENGINEERING,FALL,2021
ESET,359,504,2,4,4,0,0,10,2.800,0,0,0,0,0,10,KIM J,ENGINEERING,FALL,2021
ESET,359,505,2,6,1,0,0,9,3.111,0,0,0,0,0,9,KIM J,ENGINEERING,FALL,2021
ESET,359,506,5,9,1,0,0,15,3.266,0,0,0,0,0,15,KIM J,ENGINEERING,FALL,2021
ESET,359,507,6,7,2,0,0,15,3.266,0,0,0,0,0,15,KIM J,ENGINEERING,FALL,2021
ESET,359,508,6,7,1,0,0,14,3.357,0,0,0,0,0,14,KIM J,ENGINEERING,FALL,2021
ESET,359,509,3,4,3,0,0,10,3.000,0,0,0,0,0,10,KIM J,ENGINEERING,FALL,2021
ESET,359,510,6,6,1,0,0,13,3.384,0,0,0,0,0,13,KIM J,ENGINEERING,FALL,2021
ESET,369,501,6,7,4,0,0,17,3.117,0,0,0,0,0,17,HUR B,ENGINEERING,FALL,2021
ESET,369,502,1,9,1,0,0,11,3.000,0,0,0,2,0,13,HUR B,ENGINEERING,FALL,2021
ESET,369,503,2,4,3,0,1,10,2.600,0,0,0,1,0,11,HUR B,ENGINEERING,FALL,2021
ESET,369,504,5,2,2,1,1,11,2.818,0,0,0,0,0,11,HUR B,ENGINEERING,FALL,2021
ESET,369,505,0,10,4,0,0,14,2.714,0,0,0,0,0,14,HUR B,ENGINEERING,FALL,2021
ESET,369,506,5,10,0,0,0,15,3.333,0,0,0,0,0,15,HUR B,ENGINEERING,FALL,2021
ESET,369,507,3,11,0,0,0,14,3.214,0,0,0,0,0,14,HUR B,ENGINEERING,FALL,2021
ESET,369,508,5,8,1,0,0,14,3.285,0,0,0,1,0,15,HUR B,ENGINEERING,FALL,2021
ESET,400,500,3,8,2,0,0,13,3.076,0,0,0,0,0,13,WALLACE J,ENGINEERING,FALL,2021
ESET,400,501,1,9,3,0,0,13,2.846,0,0,0,0,0,13,WALLACE J,ENGINEERING,FALL,2021
ESET,400,502,1,7,5,0,0,13,2.692,0,0,0,0,0,13,WALLACE J,ENGINEERING,FALL,2021
ESET,400,503,2,6,1,0,0,9,3.111,0,0,0,0,0,9,WALLACE J,ENGINEERING,FALL,2021
ESET,400,504,5,10,0,0,0,15,3.333,1,0,0,0,0,16,WALLACE J,ENGINEERING,FALL,2021
ESET,400,505,1,14,1,0,0,16,3.000,0,0,0,0,0,16,WALLACE J,ENGINEERING,FALL,2021
ESET,400,506,1,7,7,0,0,15,2.600,0,0,0,0,0,15,WALLACE J,ENGINEERING,FALL,2021
ESET,400,507,3,12,2,0,0,17,3.058,0,0,0,0,0,17,WALLACE J,ENGINEERING,FALL,2021
ESET,400,508,2,11,2,0,0,15,3.000,0,0,0,0,0,15,WALLACE J,ENGINEERING,FALL,2021
ESET,400,509,4,9,0,0,0,13,3.307,0,0,0,0,0,13,WALLACE J,ENGINEERING,FALL,2021
ESET,400,510,9,4,0,0,0,13,3.692,0,0,0,0,0,13,WALLACE J,ENGINEERING,FALL,2021
ESET,400,511,3,11,0,0,0,14,3.214,0,0,0,0,0,14,WALLACE J,ENGINEERING,FALL,2021
ESET,415,501,3,10,6,0,0,19,2.842,0,0,0,0,0,19,GOULART A,ENGINEERING,FALL,2021
ESET,415,502,3,9,6,0,0,18,2.833,0,0,0,0,0,18,GOULART A,ENGINEERING,FALL,2021
ESET,415,503,0,13,4,0,1,18,2.611,0,0,0,0,0,18,GOULART A,ENGINEERING,FALL,2021
ESET,415,504,1,7,8,0,1,17,2.411,0,0,0,1,0,18,GOULART A,ENGINEERING,FALL,2021
ESET,419,900,26,9,4,0,0,39,3.564,0,0,0,0,0,39,CROSBY G,ENGINEERING,FALL,2021
ESET,419,901,12,9,4,0,0,25,3.320,0,0,0,0,0,25,CROSBY G,ENGINEERING,FALL,2021
ESET,419,930,20,4,3,0,0,27,3.629,0,0,0,0,0,27,CROSBY G,ENGINEERING,FALL,2021
ESET,419,931,8,12,13,0,0,33,2.848,0,0,0,0,0,33,CROSBY G,ENGINEERING,FALL,2021
ESET,420,500,9,10,0,0,0,19,3.473,0,0,0,0,0,19,DICKSON M,ENGINEERING,FALL,2021
ESET,420,501,7,9,1,0,0,17,3.352,0,0,0,0,0,17,WILLEY H,ENGINEERING,FALL,2021
ESET,420,502,4,4,0,0,0,8,3.500,0,0,0,0,0,8,WILLEY H,ENGINEERING,FALL,2021
ESET,420,504,0,13,0,0,5,18,2.166,0,0,0,0,0,18,WILLEY H,ENGINEERING,FALL,2021
ESET,420,505,4,6,6,0,0,16,2.875,0,0,0,0,0,16,DICKSON M,ENGINEERING,FALL,2021
ESET,453,500,2,2,1,0,0,5,3.200,0,0,0,0,0,5,MUNNS T,ENGINEERING,FALL,2021
ESET,453,501,7,7,0,0,0,14,3.500,1,0,0,0,0,15,MUNNS T,ENGINEERING,FALL,2021
ESET,455,501,4,3,2,0,0,9,3.222,0,0,0,0,0,9,KARIMI E,ENGINEERING,FALL,2021
ESET,455,502,8,6,0,0,0,14,3.571,0,0,0,0,0,14,KARIMI E,ENGINEERING,FALL,2021
ESET,455,503,5,6,1,0,0,12,3.333,0,0,0,0,0,12,KARIMI E,ENGINEERING,FALL,2021
ESET,455,504,1,1,3,1,0,6,2.333,0,0,0,0,0,6,KARIMI E,ENGINEERING,FALL,2021
ESET,455,505,4,5,2,0,0,11,3.181,0,0,0,0,0,11,KARIMI E,ENGINEERING,FALL,2021
ESET,462,501,5,7,4,0,0,16,3.062,0,0,0,0,0,16,ZHAN W,ENGINEERING,FALL,2021
ESET,462,502,3,8,5,0,0,16,2.875,0,0,0,0,0,16,ZHAN W,ENGINEERING,FALL,2021
ESET,462,503,4,5,6,0,0,15,2.866,0,0,0,0,0,15,ZHAN W,ENGINEERING,FALL,2021
ESET,462,504,4,8,2,0,0,14,3.142,0,0,0,1,0,15,ZHAN W,ENGINEERING,FALL,2021
ESET,462,505,6,8,2,0,0,16,3.250,0,0,0,0,0,16,ZHAN W,ENGINEERING,FALL,2021
ESET,462,506,3,8,4,0,0,15,2.933,0,0,0,0,0,15,ZHAN W,ENGINEERING,FALL,2021
IDIS,240,501,21,27,3,0,0,51,3.352,0,0,0,0,0,51,VESTAL E,ENGINEERING,FALL,2021
IDIS,240,502,11,24,10,0,0,45,3.022,0,0,0,0,0,45,VESTAL E,ENGINEERING,FALL,2021
IDIS,240,503,12,29,4,0,1,46,3.108,0,0,0,0,0,46,VESTAL E,ENGINEERING,FALL,2021
IDIS,240,504,12,24,4,0,0,40,3.200,0,0,0,1,0,41,VESTAL E,ENGINEERING,FALL,2021
IDIS,330,930,24,19,1,0,0,44,3.522,0,0,0,0,0,44,CLARK N,ENGINEERING,FALL,2021
IDIS,330,931,27,18,1,0,0,46,3.565,0,0,0,0,0,46,CLARK N,ENGINEERING,FALL,2021
IDIS,330,932,24,22,0,1,0,47,3.468,0,0,0,1,0,48,CLARK N,ENGINEERING,FALL,2021
IDIS,330,933,23,21,2,0,0,46,3.456,0,0,0,0,0,46,BORSH R,ENGINEERING,FALL,2021
IDIS,340,900,21,22,0,0,1,44,3.409,0,0,0,0,0,44,JOHNSON M,ENGINEERING,FALL,2021
IDIS,340,901,32,11,3,0,0,46,3.630,0,0,0,0,0,46,FERNANDEZ A,ENGINEERING,FALL,2021
IDIS,340,902,24,17,3,0,1,45,3.400,0,0,0,0,0,45,FERNANDEZ A,ENGINEERING,FALL,2021
IDIS,340,903,13,27,4,0,1,45,3.133,0,0,0,0,0,45,JOHNSON M,ENGINEERING,FALL,2021
IDIS,343,501,8,17,17,3,1,46,2.608,2,0,0,3,0,51,CAVDAR B,ENGINEERING,FALL,2021
IDIS,343,502,17,14,14,5,2,52,2.750,0,0,0,3,0,55,CAVDAR B,ENGINEERING,FALL,2021
IDIS,343,503,5,28,13,3,1,50,2.660,0,0,0,4,0,54,CAPAR I,ENGINEERING,FALL,2021
IDIS,344,501,5,14,6,1,2,28,2.678,1,0,0,0,0,29,JOHNSON M,ENGINEERING,FALL,2021
IDIS,344,502,11,14,3,0,1,29,3.172,0,0,0,1,0,30,JOHNSON M,ENGINEERING,FALL,2021
IDIS,344,503,5,14,6,1,1,27,2.777,0,0,0,1,0,28,ZOU N,ENGINEERING,FALL,2021
IDIS,344,504,9,16,1,2,1,29,3.034,0,0,0,1,0,30,ZOU N,ENGINEERING,FALL,2021
IDIS,344,505,17,14,1,0,0,32,3.500,0,0,0,0,0,32,ZOU N,ENGINEERING,FALL,2021
IDIS,344,506,11,13,3,1,1,29,3.103,0,0,0,0,0,29,ZOU N,ENGINEERING,FALL,2021
IDIS,424,501,11,31,9,0,0,51,3.039,0,0,0,0,0,51,IAKOVOU E,ENGINEERING,FALL,2021
IDIS,424,502,12,23,15,0,0,50,2.940,0,0,0,0,0,50,CHANG Y,ENGINEERING,FALL,2021
IDIS,424,503,11,15,15,0,4,45,2.644,0,0,0,0,0,45,CHANG Y,ENGINEERING,FALL,2021
IDIS,433,501,0,31,17,1,0,49,2.612,0,0,0,0,0,49,BORSH R,ENGINEERING,FALL,2021
IDIS,433,502,7,40,13,0,1,61,2.852,0,0,0,0,0,61,BORSH R,ENGINEERING,FALL,2021
IDIS,433,503,8,37,14,1,0,60,2.866,0,0,0,0,0,60,BORSH R,ENGINEERING,FALL,2021
IDIS,434,501,14,18,23,0,0,55,2.836,0,0,0,1,0,56,CHANG Y,ENGINEERING,FALL,2021
IDIS,434,502,4,29,22,0,1,56,2.625,0,0,0,0,0,56,NIE X,ENGINEERING,FALL,2021
IDIS,434,503,2,20,31,0,0,53,2.452,0,0,0,1,0,54,NIE X,ENGINEERING,FALL,2021
IDIS,444,501,19,11,2,0,0,32,3.531,0,0,0,0,0,32,NATARAJARATHINAM M,ENGINEERING,FALL,2021
IDIS,444,502,24,15,1,0,0,40,3.575,0,0,0,0,0,40,CLARK N,ENGINEERING,FALL,2021
IDIS,444,503,29,6,0,0,0,35,3.828,0,0,0,0,0,35,NAGARATHNAM B,ENGINEERING,FALL,2021
IDIS,444,504,26,9,3,0,0,38,3.605,0,0,0,0,0,38,NAGARATHNAM B,ENGINEERING,FALL,2021
IDIS,450,501,6,6,1,0,0,13,3.384,0,0,0,1,0,14,CAPAR I,ENGINEERING,FALL,2021
IDIS,450,502,7,5,1,1,0,14,3.285,0,0,0,0,0,14,CAPAR I,ENGINEERING,FALL,2021
IDIS,450,503,6,5,1,0,0,12,3.416,0,0,0,1,0,13,CAPAR I,ENGINEERING,FALL,2021
IDIS,450,504,6,4,1,0,0,11,3.454,0,0,0,2,0,13,CAPAR I,ENGINEERING,FALL,2021
IDIS,450,505,6,4,1,1,0,12,3.250,0,0,0,0,0,12,CAPAR I,ENGINEERING,FALL,2021
IDIS,450,506,4,4,1,0,1,10,3.000,0,0,0,1,0,11,CAPAR I,ENGINEERING,FALL,2021
IDIS,450,507,4,11,0,0,0,15,3.266,0,0,0,0,0,15,UFODIKE C,ENGINEERING,FALL,2021
IDIS,450,508,8,7,0,0,0,15,3.533,0,0,0,0,0,15,UFODIKE C,ENGINEERING,FALL,2021
IDIS,450,509,9,5,0,0,0,14,3.642,0,0,0,1,0,15,UFODIKE C,ENGINEERING,FALL,2021
IDIS,450,511,7,2,1,0,0,10,3.600,0,0,0,0,0,10,UFODIKE C,ENGINEERING,FALL,2021
IDIS,450,512,13,2,0,0,0,15,3.866,1,0,0,0,0,16,UFODIKE C,ENGINEERING,FALL,2021
IDIS,464,501,9,26,6,0,0,41,3.073,0,0,0,0,0,41,JOHNSON J,ENGINEERING,FALL,2021
IDIS,464,502,25,14,2,0,0,41,3.560,0,0,0,0,0,41,JOHNSON J,ENGINEERING,FALL,2021
IDIS,464,503,23,18,3,1,0,45,3.400,0,0,0,0,0,45,JOHNSON J,ENGINEERING,FALL,2021
IDIS,464,504,26,18,2,0,0,46,3.521,0,0,0,0,0,46,JOHNSON J,ENGINEERING,FALL,2021
IDIS,464,505,19,20,2,0,0,41,3.414,0,0,0,0,0,41,VESTAL E,ENGINEERING,FALL,2021
IDIS,650,701,16,3,0,0,0,19,3.842,0,0,0,0,0,19,REY D,ENGINEERING,FALL,2021
IDIS,650,702,14,2,0,0,0,16,3.875,0,0,0,0,0,16,REY D,ENGINEERING,FALL,2021
IDIS,651,701,16,3,0,0,0,19,3.842,0,0,0,0,0,19,NATARAJARATHINAM M,ENGINEERING,FALL,2021
IDIS,651,702,13,2,1,0,0,16,3.750,0,0,0,0,0,16,NATARAJARATHINAM M,ENGINEERING,FALL,2021
IDIS,652,701,15,3,0,0,0,18,3.833,1,0,0,0,0,19,NAGARATHNAM B,ENGINEERING,FALL,2021
IDIS,652,702,16,0,1,0,0,17,3.882,0,0,0,0,0,17,NAGARATHNAM B,ENGINEERING,FALL,2021
IDIS,654,700,24,1,0,0,0,25,3.960,0,0,0,0,0,25,NEPAL B,ENGINEERING,FALL,2021
IDIS,654,701,22,5,0,0,0,27,3.814,0,0,0,0,0,27,NEPAL B,ENGINEERING,FALL,2021
IDIS,654,702,12,1,1,0,0,14,3.785,0,0,0,0,0,14,NEPAL B,ENGINEERING,FALL,2021
IDIS,655,700,24,2,0,0,0,26,3.923,0,0,0,0,0,26,LAWRENCE F,ENGINEERING,FALL,2021
IDIS,655,701,21,5,1,0,0,27,3.740,0,0,0,0,0,27,LAWRENCE F,ENGINEERING,FALL,2021
IDIS,655,702,12,1,1,0,0,14,3.785,0,0,0,0,0,14,LAWRENCE F,ENGINEERING,FALL,2021
IDIS,660,700,16,2,0,0,0,18,3.888,0,0,0,0,0,18,NEPAL B,ENGINEERING,FALL,2021
IDIS,660,701,15,1,0,0,0,16,3.937,1,0,0,0,0,17,NAGARATHNAM B,ENGINEERING,FALL,2021
IDIS,660,702,16,2,0,0,0,18,3.888,0,0,0,0,0,18,NATARAJARATHINAM M,ENGINEERING,FALL,2021
IDIS,660,703,11,2,1,0,0,14,3.714,0,0,0,0,0,14,CLARK N,ENGINEERING,FALL,2021
MMET,105,501,4,7,4,0,1,16,2.812,1,0,0,1,0,18,WHITEACRE M,ENGINEERING,FALL,2021
MMET,105,502,4,8,4,1,0,17,2.882,0,0,0,1,0,18,WHITEACRE M,ENGINEERING,FALL,2021
MMET,105,503,4,7,6,0,1,18,2.722,0,0,0,2,0,20,WHITEACRE M,ENGINEERING,FALL,2021
MMET,105,504,4,11,5,0,0,20,2.950,0,0,0,0,0,20,WHITEACRE M,ENGINEERING,FALL,2021
MMET,181,500,0,1,2,1,1,5,1.600,0,0,0,1,0,6,BRADLEY G,ENGINEERING,FALL,2021
MMET,181,501,4,1,6,2,1,14,2.357,0,0,0,0,0,14,BRADLEY G,ENGINEERING,FALL,2021
MMET,181,502,1,6,4,1,0,12,2.583,0,0,0,3,0,15,BRADLEY G,ENGINEERING,FALL,2021
MMET,181,503,2,3,3,2,1,11,2.272,1,0,0,1,0,13,BRADLEY G,ENGINEERING,FALL,2021
MMET,181,504,3,3,4,1,1,12,2.500,0,0,0,1,0,13,BRADLEY G,ENGINEERING,FALL,2021
MMET,181,505,3,3,3,1,1,11,2.545,0,0,0,2,0,13,BRADLEY G,ENGINEERING,FALL,2021
MMET,181,506,3,5,3,2,0,13,2.692,0,0,0,1,0,14,BRADLEY G,ENGINEERING,FALL,2021
MMET,181,508,2,4,3,3,0,12,2.416,0,0,0,0,0,12,HUNG N,ENGINEERING,FALL,2021
MMET,181,509,5,1,5,1,1,13,2.615,0,0,0,1,0,14,HUNG N,ENGINEERING,FALL,2021
MMET,181,510,1,4,5,1,1,12,2.250,0,0,0,2,0,14,HUNG N,ENGINEERING,FALL,2021
MMET,181,511,0,2,7,2,1,12,1.833,0,0,0,1,0,13,HUNG N,ENGINEERING,FALL,2021
MMET,181,512,2,4,4,1,0,11,2.636,0,0,0,1,0,12,HUNG N,ENGINEERING,FALL,2021
MMET,201,501,2,4,0,0,0,6,3.333,0,0,0,0,0,6,PATTERSON A,ENGINEERING,FALL,2021
MMET,201,502,14,1,0,0,0,15,3.933,0,0,0,0,0,15,PATTERSON A,ENGINEERING,FALL,2021
MMET,201,503,13,0,0,1,0,14,3.785,0,0,0,1,0,15,PATTERSON A,ENGINEERING,FALL,2021
MMET,201,504,9,4,1,0,1,15,3.333,0,0,0,0,0,15,PATTERSON A,ENGINEERING,FALL,2021
MMET,201,505,11,4,0,0,0,15,3.733,0,0,0,0,0,15,PATTERSON A,ENGINEERING,FALL,2021
MMET,201,506,12,2,0,0,0,14,3.857,0,0,0,0,0,14,PATTERSON A,ENGINEERING,FALL,2021
MMET,201,507,11,1,1,0,1,14,3.500,0,0,0,0,0,14,PATTERSON A,ENGINEERING,FALL,2021
MMET,201,508,3,3,0,0,0,6,3.500,0,0,0,0,0,6,PATTERSON A,ENGINEERING,FALL,2021
MMET,201,509,12,3,0,0,0,15,3.800,0,0,0,0,0,15,PATTERSON A,ENGINEERING,FALL,2021
MMET,201,510,12,2,0,0,0,14,3.857,0,0,0,0,0,14,PATTERSON A,ENGINEERING,FALL,2021
MMET,201,511,11,4,0,0,0,15,3.733,0,0,0,0,0,15,PATTERSON A,ENGINEERING,FALL,2021
MMET,201,512,11,2,1,0,0,14,3.714,0,0,0,0,0,14,PATTERSON A,ENGINEERING,FALL,2021
MMET,201,513,10,2,0,0,1,13,3.538,0,0,0,0,0,13,PATTERSON A,ENGINEERING,FALL,2021
MMET,201,514,12,3,0,1,0,16,3.625,0,0,0,0,0,16,PATTERSON A,ENGINEERING,FALL,2021
MMET,206,501,1,6,6,1,0,14,2.500,0,0,0,0,0,14,FANG G,ENGINEERING,FALL,2021
MMET,206,502,1,8,5,0,0,14,2.714,0,0,0,0,0,14,FANG G,ENGINEERING,FALL,2021
MMET,206,503,4,6,1,0,0,11,3.272,1,0,0,0,0,12,FANG G,ENGINEERING,FALL,2021
MMET,206,504,1,6,3,1,0,11,2.636,0,0,0,1,0,12,FANG G,ENGINEERING,FALL,2021
MMET,206,505,5,3,4,1,0,13,2.923,0,0,0,0,0,13,FANG G,ENGINEERING,FALL,2021
MMET,206,506,1,7,4,0,0,12,2.750,0,0,0,0,0,12,FANG G,ENGINEERING,FALL,2021
MMET,207,501,1,2,9,2,0,14,2.142,0,0,0,0,0,14,SAEIDI S,ENGINEERING,FALL,2021
MMET,207,502,2,4,5,2,0,13,2.461,0,0,0,0,0,13,SAEIDI S,ENGINEERING,FALL,2021
MMET,207,503,2,5,6,1,0,14,2.571,0,0,0,0,0,14,SAEIDI S,ENGINEERING,FALL,2021
MMET,207,504,1,5,8,0,0,14,2.500,0,0,0,0,0,14,SAEIDI S,ENGINEERING,FALL,2021
MMET,207,505,1,4,6,0,0,11,2.545,0,0,0,0,0,11,SAEIDI S,ENGINEERING,FALL,2021
MMET,207,507,0,8,2,1,0,11,2.636,0,0,0,2,0,13,SAEIDI S,ENGINEERING,FALL,2021
MMET,207,508,0,5,6,1,0,12,2.333,1,0,0,1,0,14,SAEIDI S,ENGINEERING,FALL,2021
MMET,207,509,2,3,8,1,0,14,2.428,0,0,0,1,0,15,SAEIDI S,ENGINEERING,FALL,2021
MMET,207,510,0,1,9,2,1,13,1.769,0,0,0,0,0,13,SAEIDI S,ENGINEERING,FALL,2021
MMET,207,511,2,3,5,1,0,11,2.545,0,0,0,0,0,11,SAEIDI S,ENGINEERING,FALL,2021
MMET,207,512,1,5,8,0,0,14,2.500,0,0,0,0,0,14,SAEIDI S,ENGINEERING,FALL,2021
MMET,275,500,8,19,14,4,4,49,2.469,0,0,0,14,0,63,SAEIDI S,ENGINEERING,FALL,2021
MMET,275,501,16,21,16,6,2,61,2.704,1,0,0,6,0,68,WALLACE D,ENGINEERING,FALL,2021
MMET,281,501,6,4,1,0,1,12,3.166,0,0,0,0,0,12,VAJIPEYAJULA B,ENGINEERING,FALL,2021
MMET,281,502,6,5,0,0,1,12,3.250,0,0,0,0,0,12,VAJIPEYAJULA B,ENGINEERING,FALL,2021
MMET,281,503,3,5,0,2,0,10,2.900,0,0,0,1,0,11,VAJIPEYAJULA B,ENGINEERING,FALL,2021
MMET,281,504,5,5,1,1,0,12,3.166,0,0,0,0,0,12,VAJIPEYAJULA B,ENGINEERING,FALL,2021
MMET,281,505,3,3,1,0,0,7,3.285,0,0,0,0,0,7,VAJIPEYAJULA B,ENGINEERING,FALL,2021
MMET,281,506,6,4,0,1,0,11,3.363,0,0,0,0,0,11,VAJIPEYAJULA B,ENGINEERING,FALL,2021
MMET,301,901,3,6,2,0,0,11,3.090,1,0,0,0,0,12,VAJIPEYAJULA B,ENGINEERING,FALL,2021
MMET,301,902,0,3,3,1,0,7,2.285,0,0,0,1,0,8,VAJIPEYAJULA B,ENGINEERING,FALL,2021
MMET,301,903,1,9,3,0,0,13,2.846,1,0,0,0,0,14,VAJIPEYAJULA B,ENGINEERING,FALL,2021
MMET,301,905,2,5,6,0,0,13,2.692,0,0,0,0,0,13,VAJIPEYAJULA B,ENGINEERING,FALL,2021
MMET,301,906,7,6,1,0,0,14,3.428,0,0,0,0,0,14,VAJIPEYAJULA B,ENGINEERING,FALL,2021
MMET,301,907,5,7,1,0,1,14,3.071,0,0,0,1,0,15,VAJIPEYAJULA B,ENGINEERING,FALL,2021
MMET,301,908,5,7,2,0,0,14,3.214,0,0,0,0,0,14,VAJIPEYAJULA B,ENGINEERING,FALL,2021
MMET,301,909,5,10,0,0,0,15,3.333,0,0,0,0,0,15,VAJIPEYAJULA B,ENGINEERING,FALL,2021
MMET,301,910,3,7,2,1,1,14,2.714,0,0,0,0,0,14,VAJIPEYAJULA B,ENGINEERING,FALL,2021
MMET,301,911,8,5,2,0,0,15,3.400,0,0,0,0,0,15,VAJIPEYAJULA B,ENGINEERING,FALL,2021
MMET,301,912,7,6,1,0,0,14,3.428,0,0,0,0,0,14,VAJIPEYAJULA B,ENGINEERING,FALL,2021
MMET,303,501,5,5,2,0,0,12,3.250,0,0,0,0,0,12,ABDELAAL A,ENGINEERING,FALL,2021
MMET,303,502,1,6,3,0,1,11,2.545,1,0,0,0,0,12,ABDELAAL A,ENGINEERING,FALL,2021
MMET,303,503,4,3,4,1,0,12,2.833,0,0,0,1,0,13,ABDELAAL A,ENGINEERING,FALL,2021
MMET,303,504,13,0,0,0,0,13,4.000,0,0,0,0,0,13,ABDELAAL A,ENGINEERING,FALL,2021
MMET,303,505,2,5,3,1,0,11,2.727,1,0,0,1,0,13,ABDELAAL A,ENGINEERING,FALL,2021
MMET,303,506,4,6,1,0,0,11,3.272,0,0,0,2,0,13,ABDELAAL A,ENGINEERING,FALL,2021
MMET,303,507,5,4,3,0,0,12,3.166,0,0,0,0,0,12,ABDELAAL A,ENGINEERING,FALL,2021
MMET,303,508,7,1,2,0,1,11,3.181,0,0,0,1,0,12,ABDELAAL A,ENGINEERING,FALL,2021
MMET,303,509,7,2,2,0,0,11,3.454,0,0,0,0,0,11,ABDELAAL A,ENGINEERING,FALL,2021
MMET,303,510,4,7,1,0,1,13,3.000,0,0,0,0,0,13,ABDELAAL A,ENGINEERING,FALL,2021
MMET,307,500,22,9,5,0,1,37,3.378,0,0,0,3,0,40,WHITEACRE M,ENGINEERING,FALL,2021
MMET,320,501,1,3,5,1,0,10,2.400,0,0,0,2,0,12,VADALI S,ENGINEERING,FALL,2021
MMET,320,502,1,2,3,0,0,6,2.666,0,0,0,0,0,6,VADALI S,ENGINEERING,FALL,2021
MMET,320,503,1,4,7,0,0,12,2.500,0,0,0,2,0,14,VADALI S,ENGINEERING,FALL,2021
MMET,320,504,2,0,3,0,0,5,2.800,0,0,0,0,0,5,VADALI S,ENGINEERING,FALL,2021
MMET,320,505,0,3,8,0,0,11,2.272,0,0,0,2,0,13,VADALI S,ENGINEERING,FALL,2021
MMET,320,506,2,3,5,0,0,10,2.700,0,0,0,4,0,14,VADALI S,ENGINEERING,FALL,2021
MMET,361,501,6,5,0,0,0,11,3.545,0,0,0,0,0,11,MA C,ENGINEERING,FALL,2021
MMET,361,502,5,2,3,0,0,10,3.200,0,0,0,0,0,10,MA C,ENGINEERING,FALL,2021
MMET,361,503,6,3,1,0,0,10,3.500,0,0,0,0,0,10,MA C,ENGINEERING,FALL,2021
MMET,361,504,6,2,2,0,0,10,3.400,0,0,0,0,0,10,MA C,ENGINEERING,FALL,2021
MMET,361,505,5,4,1,0,0,10,3.400,0,0,0,0,0,10,MA C,ENGINEERING,FALL,2021
MMET,361,506,2,6,0,0,1,9,2.888,0,0,0,0,0,9,MA C,ENGINEERING,FALL,2021
MMET,361,507,5,4,3,0,0,12,3.166,0,0,0,1,0,13,MA C,ENGINEERING,FALL,2021
MMET,361,508,7,5,0,1,1,14,3.142,0,0,0,0,0,14,MA C,ENGINEERING,FALL,2021
MMET,361,509,3,1,1,0,0,5,3.400,0,0,0,0,0,5,MA C,ENGINEERING,FALL,2021
MMET,361,510,4,4,2,0,1,11,2.909,0,0,0,0,0,11,MA C,ENGINEERING,FALL,2021
MMET,361,511,4,5,0,0,0,9,3.444,0,0,0,0,0,9,MA C,ENGINEERING,FALL,2021
MMET,363,500,11,16,19,5,6,57,2.368,0,0,0,15,0,72,WANG J,ENGINEERING,FALL,2021
MMET,363,501,4,11,26,4,6,51,2.058,0,0,0,7,0,58,WANG J,ENGINEERING,FALL,2021
MMET,370,501,8,5,1,0,0,14,3.500,0,0,0,0,0,14,WALLACE K,ENGINEERING,FALL,2021
MMET,370,502,5,5,4,1,0,15,2.933,0,0,0,0,0,15,WALLACE K,ENGINEERING,FALL,2021
MMET,370,503,5,5,4,0,0,14,3.071,0,0,0,0,0,14,WALLACE K,ENGINEERING,FALL,2021
MMET,370,504,5,5,2,1,1,14,2.857,0,0,0,0,0,14,WALLACE K,ENGINEERING,FALL,2021
MMET,370,505,6,5,2,0,1,14,3.071,0,0,0,0,0,14,WALLACE K,ENGINEERING,FALL,2021
MMET,370,506,1,4,1,0,0,6,3.000,0,0,0,1,0,7,ALVARADO J,ENGINEERING,FALL,2021
MMET,370,507,7,3,1,0,0,11,3.545,0,0,0,0,0,11,ALVARADO J,ENGINEERING,FALL,2021
MMET,370,508,3,5,2,0,0,10,3.100,0,0,0,0,0,10,ALVARADO J,ENGINEERING,FALL,2021
MMET,370,510,0,8,1,0,0,9,2.888,0,0,0,1,0,10,ALVARADO J,ENGINEERING,FALL,2021
MMET,376,502,2,5,2,0,0,9,3.000,0,0,0,0,0,9,ASADI A,ENGINEERING,FALL,2021
MMET,376,503,1,4,1,4,0,10,2.200,0,0,0,0,0,10,ASADI A,ENGINEERING,FALL,2021
MMET,376,504,0,7,3,0,0,10,2.700,0,0,0,0,0,10,ASADI A,ENGINEERING,FALL,2021
MMET,376,505,4,6,0,0,0,10,3.400,0,0,0,0,0,10,ASADI A,ENGINEERING,FALL,2021
MMET,376,506,3,4,1,2,0,10,2.800,0,0,0,0,0,10,ASADI A,ENGINEERING,FALL,2021
MMET,376,507,3,5,1,0,0,9,3.222,0,0,0,0,0,9,ASADI A,ENGINEERING,FALL,2021
MMET,376,509,0,4,2,0,0,6,2.666,0,0,0,0,0,6,ASADI A,ENGINEERING,FALL,2021
MMET,376,510,5,5,3,0,0,13,3.153,0,0,0,0,0,13,ASADI A,ENGINEERING,FALL,2021
MMET,376,511,1,8,3,0,0,12,2.833,0,0,0,0,0,12,ASADI A,ENGINEERING,FALL,2021
MMET,376,512,1,9,2,0,0,12,2.916,0,0,0,1,0,13,ASADI A,ENGINEERING,FALL,2021
MMET,376,513,2,7,2,0,0,11,3.000,0,0,0,0,0,11,ASADI A,ENGINEERING,FALL,2021
MMET,376,514,5,4,5,0,0,14,3.000,0,0,0,0,0,14,ASADI A,ENGINEERING,FALL,2021
MMET,380,901,0,5,5,2,3,15,1.800,0,0,0,1,0,16,HUNG N,ENGINEERING,FALL,2021
MMET,380,902,1,2,5,1,5,14,1.500,0,0,0,2,0,16,HUNG N,ENGINEERING,FALL,2021
MMET,380,903,3,4,3,4,1,15,2.266,0,0,0,0,0,15,HUNG N,ENGINEERING,FALL,2021
MMET,380,904,1,7,4,0,0,12,2.750,0,0,0,4,0,16,HUNG N,ENGINEERING,FALL,2021
MMET,380,905,1,6,5,1,2,15,2.200,0,0,0,0,0,15,HUNG N,ENGINEERING,FALL,2021
MMET,383,502,3,4,0,0,0,7,3.428,0,0,0,0,0,7,HSIEH S,ENGINEERING,FALL,2021
MMET,383,503,9,5,0,0,0,14,3.642,0,0,0,0,0,14,HSIEH S,ENGINEERING,FALL,2021
MMET,383,505,4,8,3,0,0,15,3.066,0,0,0,0,0,15,HSIEH S,ENGINEERING,FALL,2021
MMET,383,506,5,11,0,0,0,16,3.312,0,0,0,0,0,16,HSIEH S,ENGINEERING,FALL,2021
MMET,401,501,0,5,7,0,0,12,2.416,0,0,0,0,0,12,GOLLA M,ENGINEERING,FALL,2021
MMET,401,502,1,5,5,0,0,11,2.636,0,0,0,0,0,11,GOLLA M,ENGINEERING,FALL,2021
MMET,401,503,0,8,5,0,0,13,2.615,0,0,0,1,0,14,GOLLA M,ENGINEERING,FALL,2021
MMET,401,504,2,7,4,0,0,13,2.846,0,0,0,0,0,13,GOLLA M,ENGINEERING,FALL,2021
MMET,401,505,1,5,8,0,0,14,2.500,0,0,0,0,0,14,GOLLA M,ENGINEERING,FALL,2021
MMET,401,506,3,5,6,0,0,14,2.785,0,0,0,0,0,14,GOLLA M,ENGINEERING,FALL,2021
MMET,401,507,0,7,8,0,0,15,2.466,0,0,0,0,0,15,GOLLA M,ENGINEERING,FALL,2021
MMET,401,508,0,5,8,0,0,13,2.384,0,0,0,0,0,13,GOLLA M,ENGINEERING,FALL,2021
MMET,401,509,1,7,6,0,0,14,2.642,0,0,0,1,0,15,GOLLA M,ENGINEERING,FALL,2021
MMET,401,510,2,7,4,0,0,13,2.846,0,0,0,0,0,13,GOLLA M,ENGINEERING,FALL,2021
MMET,401,511,0,4,10,0,0,14,2.285,0,0,0,0,0,14,GOLLA M,ENGINEERING,FALL,2021
MMET,401,512,0,7,8,0,0,15,2.466,0,0,0,1,0,16,GOLLA M,ENGINEERING,FALL,2021
MMET,402,501,1,7,6,0,0,14,2.642,0,0,0,0,0,14,FANG G,ENGINEERING,FALL,2021
MMET,402,502,3,8,3,0,0,14,3.000,0,0,0,0,0,14,FANG G,ENGINEERING,FALL,2021
MMET,402,503,1,10,2,0,0,13,2.923,0,0,0,0,0,13,FANG G,ENGINEERING,FALL,2021
MMET,402,504,3,6,4,0,0,13,2.923,0,0,0,0,0,13,FANG G,ENGINEERING,FALL,2021
MMET,402,505,2,6,2,1,0,11,2.818,0,0,0,1,0,12,FANG G,ENGINEERING,FALL,2021
MMET,402,506,2,7,5,0,0,14,2.785,0,0,0,0,0,14,FANG G,ENGINEERING,FALL,2021
MMET,410,501,1,8,4,0,0,13,2.769,0,0,0,0,0,13,HSIEH S,ENGINEERING,FALL,2021
MMET,410,502,3,6,4,0,0,13,2.923,0,0,0,0,0,13,HSIEH S,ENGINEERING,FALL,2021
MMET,410,503,4,4,1,1,0,10,3.100,0,0,0,0,0,10,HSIEH S,ENGINEERING,FALL,2021
MMET,410,504,0,6,6,0,0,12,2.500,0,0,0,0,0,12,HSIEH S,ENGINEERING,FALL,2021
MMET,410,505,2,7,2,0,0,11,3.000,0,0,0,0,0,11,HSIEH S,ENGINEERING,FALL,2021
MMET,410,506,1,7,5,0,0,13,2.692,0,0,0,0,0,13,HSIEH S,ENGINEERING,FALL,2021
MMET,410,507,1,4,6,1,0,12,2.416,0,0,0,0,0,12,HSIEH S,ENGINEERING,FALL,2021
MMET,410,508,0,2,6,0,0,8,2.250,0,0,0,0,0,8,HSIEH S,ENGINEERING,FALL,2021
MMET,412,501,4,7,5,0,0,16,2.937,0,0,0,0,0,16,LEON V,ENGINEERING,FALL,2021
MMET,412,502,1,10,5,0,0,16,2.750,0,0,0,0,0,16,LEON V,ENGINEERING,FALL,2021
MMET,412,503,0,8,2,2,0,12,2.500,0,0,0,1,0,13,LEON V,ENGINEERING,FALL,2021
MMET,412,504,1,9,6,0,0,16,2.687,0,0,0,0,0,16,LEON V,ENGINEERING,FALL,2021
MMET,412,505,3,10,3,0,0,16,3.000,0,0,0,0,0,16,LEON V,ENGINEERING,FALL,2021
MMET,422,900,16,13,0,0,0,29,3.551,0,0,0,0,0,29,SMITH C,ENGINEERING,FALL,2021
MMET,422,930,9,17,6,0,0,32,3.093,0,0,0,0,0,32,SMITH C,ENGINEERING,FALL,2021
MMET,422,931,22,4,0,0,0,26,3.846,0,0,0,0,0,26,FANG G,ENGINEERING,FALL,2021
MMET,429,500,16,19,5,0,0,40,3.275,0,0,0,0,0,40,BRADLEY G,ENGINEERING,FALL,2021
MMET,429,501,11,17,2,0,0,30,3.300,0,0,0,0,0,30,BRADLEY G,ENGINEERING,FALL,2021
MMET,463,500,5,53,34,2,0,94,2.648,0,0,0,0,0,94,KUTTOLAMADOM M,ENGINEERING,FALL,2021
MMET,629,600,32,1,0,0,0,33,3.969,0,0,0,0,0,33,LORANGER L,ENGINEERING,FALL,2021
MMET,641,600,26,3,1,0,1,31,3.709,1,0,0,0,0,32,ALVARADO J,ENGINEERING,FALL,2021
MXET,300,500,1,5,2,0,0,8,2.875,0,0,0,0,0,8,SONG X,ENGINEERING,FALL,2021
MXET,300,501,2,2,3,1,0,8,2.625,1,0,0,0,0,9,SONG X,ENGINEERING,FALL,2021
MXET,300,502,1,3,1,1,0,6,2.666,0,0,0,1,0,7,SONG X,ENGINEERING,FALL,2021
MXET,300,503,3,6,4,0,0,13,2.923,1,0,0,0,0,14,SONG X,ENGINEERING,FALL,2021
MXET,375,500,2,8,4,1,0,15,2.733,0,0,0,0,0,15,SONG X,ENGINEERING,FALL,2021
MXET,375,501,2,6,6,0,0,14,2.714,0,0,0,1,0,15,SONG X,ENGINEERING,FALL,2021
MXET,375,502,5,7,3,0,0,15,3.133,0,0,0,0,0,15,SONG X,ENGINEERING,FALL,2021
MXET,375,503,6,8,0,1,0,15,3.266,0,0,0,0,0,15,SONG X,ENGINEERING,FALL,2021
MXET,375,504,4,7,3,0,0,14,3.071,0,0,0,0,0,14,SONG X,ENGINEERING,FALL,2021
MXET,400,500,1,4,6,0,0,11,2.545,0,0,0,0,0,11,LEE K,ENGINEERING,FALL,2021
MXET,400,502,3,9,0,0,0,12,3.250,0,0,0,1,0,13,LEE K,ENGINEERING,FALL,2021
MXET,400,503,1,4,3,0,0,8,2.750,0,0,0,0,0,8,LEE K,ENGINEERING,FALL,2021
MXET,400,504,3,2,1,0,0,6,3.333,0,0,0,1,0,7,LEE K,ENGINEERING,FALL,2021
MXET,635,600,23,5,0,0,1,29,3.689,0,0,0,0,0,29,ZHAN W,ENGINEERING,FALL,2021
TCMT,610,700,13,0,0,0,0,13,4.000,0,0,0,0,0,13,ZOGHI B,ENGINEERING,FALL,2021
TCMT,610,701,13,0,0,0,0,13,4.000,0,0,0,0,0,13,ZOGHI B,ENGINEERING,FALL,2021
TCMT,610,702,12,0,0,0,0,12,4.000,0,0,0,0,0,12,ZOGHI B,ENGINEERING,FALL,2021
TCMT,612,700,17,1,0,0,0,18,3.944,0,0,0,0,0,18,YANG X,ENGINEERING,FALL,2021
TCMT,612,701,18,2,0,0,0,20,3.900,0,0,0,0,0,20,YANG X,ENGINEERING,FALL,2021
TCMT,613,700,16,2,0,0,0,18,3.888,0,0,0,0,0,18,HANDY M,ENGINEERING,FALL,2021
TCMT,613,701,16,4,0,0,0,20,3.800,0,0,0,0,0,20,HANDY M,ENGINEERING,FALL,2021
TCMT,619,700,9,0,0,0,0,9,4.000,0,0,0,0,0,9,PREUSSER D,ENGINEERING,FALL,2021
TCMT,619,701,10,0,0,0,0,10,4.000,0,0,0,0,0,10,ANDERSON B,ENGINEERING,FALL,2021
TCMT,619,702,9,0,0,0,0,9,4.000,0,0,0,0,0,9,HUGHES J,ENGINEERING,FALL,2021
TCMT,619,703,10,0,0,0,0,10,4.000,0,0,0,0,0,10,BAYAT N,ENGINEERING,FALL,2021
TCMT,631,700,9,0,0,0,0,9,4.000,0,0,0,1,0,10,ZOGHI B,ENGINEERING,FALL,2021
TCMT,631,701,8,3,0,0,0,11,3.727,0,0,0,0,0,11,ASSAD C,ENGINEERING,FALL,2021
TCMT,631,702,12,0,0,0,0,12,4.000,0,0,0,0,0,12,MODY R,ENGINEERING,FALL,2021
TCMT,631,703,12,0,0,0,0,12,4.000,0,0,0,0,0,12,THOMPSON S,ENGINEERING,FALL,2021
TCMT,634,700,18,4,1,0,0,23,3.739,0,0,0,0,0,23,LEON V,ENGINEERING,FALL,2021
TCMT,634,701,18,3,0,0,0,21,3.857,0,0,0,0,0,21,LEON V,ENGINEERING,FALL,2021
TCMT,689,700,10,2,0,0,0,12,3.833,0,0,0,0,0,12,TINGEY S,ENGINEERING,FALL,2021
TCMT,689,701,15,0,0,0,0,15,4.000,0,0,0,0,0,15,MAHMOUD A,ENGINEERING,FALL,2021
TCMT,689,702,10,1,0,0,0,11,3.909,0,0,0,0,0,11,TINGEY S,ENGINEERING,FALL,2021
TCMT,689,703,10,1,0,0,0,11,3.909,0,0,0,0,0,11,TINGEY S,ENGINEERING,FALL,2021
TCMT,689,704,8,2,0,0,0,10,3.800,1,0,0,0,0,11,TINGEY S,ENGINEERING,FALL,2021
TCMT,689,705,15,0,0,0,0,15,4.000,0,0,0,0,0,15,MAHMOUD A,ENGINEERING,FALL,2021
TCMT,689,706,15,0,0,0,0,15,4.000,0,0,0,0,0,15,MAHMOUD A,ENGINEERING,FALL,2021
ISEN,210,503,45,20,3,0,1,69,3.565,1,0,0,3,0,73,PARSAEI H,ENGINEERING,FALL,2021
ISEN,210,504,27,29,13,2,0,71,3.140,0,0,0,0,0,71,MCDONALD T,ENGINEERING,FALL,2021
ISEN,230,501,11,19,24,2,3,59,2.559,0,0,0,17,0,76,WANG Y,ENGINEERING,FALL,2021
ISEN,230,502,6,17,30,5,3,61,2.295,0,0,0,13,0,74,VALDEZ-FLORES C,ENGINEERING,FALL,2021
ISEN,281,500,10,7,1,0,2,20,3.150,0,0,0,1,0,21,WANG S,ENGINEERING,FALL,2021
ISEN,281,501,8,18,3,0,0,29,3.172,0,0,0,1,0,30,WOLFF S,ENGINEERING,FALL,2021
ISEN,281,502,14,13,3,0,0,30,3.366,0,0,0,0,0,30,WOLFF S,ENGINEERING,FALL,2021
ISEN,302,500,24,12,2,0,0,38,3.578,0,0,0,2,0,40,ZAHED K,ENGINEERING,FALL,2021
ISEN,302,501,18,27,31,8,0,84,2.654,0,0,0,11,0,95,MAKOVENKO M,ENGINEERING,FALL,2021
ISEN,302,503,19,23,18,3,5,68,2.705,0,0,0,10,0,78,WANG Y,ENGINEERING,FALL,2021
ISEN,302,504,17,25,13,1,4,60,2.833,0,0,0,10,0,70,WANG Y,ENGINEERING,FALL,2021
ISEN,302,599,25,24,8,0,0,57,3.298,0,0,0,3,0,60,ZAHED K,ENGINEERING,FALL,2021
ISEN,310,201,4,1,1,0,0,6,3.500,0,0,0,0,0,6,ERRAGUNTLA M,ENGINEERING,FALL,2021
ISEN,310,501,25,29,21,0,1,76,3.013,0,0,0,4,0,80,ERRAGUNTLA M,ENGINEERING,FALL,2021
ISEN,310,503,39,26,12,1,1,79,3.278,0,0,0,1,0,80,LAWLEY M,ENGINEERING,FALL,2021
ISEN,320,501,12,21,8,2,0,43,3.000,0,0,0,2,0,45,APRAHAMIAN H,ENGINEERING,FALL,2021
ISEN,320,502,21,31,19,1,0,72,3.000,0,0,0,4,0,76,EKSIN C,ENGINEERING,FALL,2021
ISEN,320,503,21,28,17,2,1,69,2.956,0,0,0,7,0,76,EKSIN C,ENGINEERING,FALL,2021
ISEN,330,901,17,44,11,1,2,75,2.973,0,0,0,1,0,76,ZAHABI M,ENGINEERING,FALL,2021
ISEN,330,902,26,38,7,2,0,73,3.205,1,0,0,0,0,74,ZHANG X,ENGINEERING,FALL,2021
ISEN,330,903,39,7,1,0,0,47,3.808,0,0,0,0,0,47,TYAGI O,ENGINEERING,FALL,2021
ISEN,340,501,47,25,5,0,0,77,3.545,0,0,0,2,0,79,GAUTAM N,ENGINEERING,FALL,2021
ISEN,340,502,49,22,6,0,1,78,3.512,0,0,0,2,0,80,GAUTAM N,ENGINEERING,FALL,2021
ISEN,350,501,18,27,21,2,2,70,2.814,1,0,0,3,0,74,BENNETT G,ENGINEERING,FALL,2021
ISEN,350,502,16,24,26,1,1,68,2.779,0,0,0,3,0,71,BENNETT G,ENGINEERING,FALL,2021
ISEN,355,501,5,17,17,8,2,49,2.306,0,0,0,9,0,58,VALDEZ-FLORES C,ENGINEERING,FALL,2021
ISEN,355,502,6,20,26,10,5,67,2.179,0,0,0,7,0,74,VALDEZ-FLORES C,ENGINEERING,FALL,2021
ISEN,370,501,24,16,4,0,1,45,3.377,0,0,0,1,0,46,ELWANY A,ENGINEERING,FALL,2021
ISEN,370,502,37,25,7,0,0,69,3.434,0,0,0,3,0,72,ELWANY A,ENGINEERING,FALL,2021
ISEN,405,500,21,40,20,2,1,84,2.928,2,0,0,6,0,92,BANERJEE A,ENGINEERING,FALL,2021
ISEN,411,500,23,53,14,3,0,93,3.032,1,0,0,2,0,96,KOPPA R,ENGINEERING,FALL,2021
ISEN,413,501,12,16,7,1,1,37,3.000,0,0,0,2,0,39,DIAZ MARTINEZ N,ENGINEERING,FALL,2021
ISEN,434,500,62,10,3,0,0,75,3.786,0,0,0,0,0,75,SMITH A,ENGINEERING,FALL,2021
ISEN,440,599,6,18,1,0,0,25,3.200,0,0,0,3,0,28,NTAIMO L,ENGINEERING,FALL,2021
ISEN,453,500,4,7,6,5,0,22,2.454,0,0,0,5,0,27,CURRY G,ENGINEERING,FALL,2021
ISEN,460,900,19,21,4,0,0,44,3.340,0,0,0,0,0,44,LAWLEY M,ENGINEERING,FALL,2021
ISEN,460,901,37,28,5,0,0,70,3.457,0,0,0,0,0,70,GRAUL M,ENGINEERING,FALL,2021
ISEN,489,500,21,17,5,0,0,43,3.372,2,0,0,0,0,45,GRAVES G,ENGINEERING,FALL,2021
ISEN,491,500,14,0,0,0,0,14,4.000,1,0,0,1,0,16,SASANGOHAR F,ENGINEERING,FALL,2021
ISEN,609,600,14,19,3,0,0,36,3.305,0,0,0,3,0,39,MOMCILOVIC P,ENGINEERING,FALL,2021
ISEN,613,601,53,15,4,0,0,72,3.680,2,0,0,0,0,74,BAILEY J,ENGINEERING,FALL,2021
ISEN,613,603,26,11,4,3,0,44,3.363,3,0,0,0,0,47,BAILEY J,ENGINEERING,FALL,2021
ISEN,614,700,2,8,0,0,0,10,3.200,0,0,0,0,0,10,DING Y,ENGINEERING,FALL,2021
ISEN,615,600,56,19,0,1,0,76,3.710,0,0,0,0,0,76,GEUNES J,ENGINEERING,FALL,2021
ISEN,615,700,5,5,0,1,0,11,3.272,0,0,0,2,0,13,GEUNES J,ENGINEERING,FALL,2021
ISEN,619,600,20,0,0,0,0,20,4.000,0,0,0,0,0,20,TUO R,ENGINEERING,FALL,2021
ISEN,620,602,28,22,4,1,0,55,3.400,0,0,0,0,0,55,MORENO CENTENO E,ENGINEERING,FALL,2021
ISEN,620,700,10,6,2,0,1,19,3.263,1,0,0,0,0,20,BUTENKO S,ENGINEERING,FALL,2021
ISEN,622,600,7,7,0,0,0,14,3.500,0,0,0,2,0,16,BUTENKO S,ENGINEERING,FALL,2021
ISEN,625,600,29,13,0,0,0,42,3.690,1,0,0,0,0,43,ECKMAN D,ENGINEERING,FALL,2021
ISEN,630,600,51,12,1,0,0,64,3.781,0,0,0,1,0,65,SASANGOHAR F,ENGINEERING,FALL,2021
ISEN,637,600,6,0,0,0,0,6,4.000,0,0,0,0,0,6,GARCIA A,ENGINEERING,FALL,2021
ISEN,640,700,6,3,0,0,0,9,3.666,0,0,0,3,0,12,NTAIMO L,ENGINEERING,FALL,2021
ISEN,641,600,8,4,0,0,1,13,3.384,0,0,0,0,0,13,MAYER R,ENGINEERING,FALL,2021
ISEN,660,600,23,16,3,1,0,43,3.340,0,0,0,1,0,44,CURRIE-GREGG N,ENGINEERING,FALL,2021
ISEN,660,700,5,4,0,0,0,9,3.555,0,0,0,1,0,10,CURRIE-GREGG N,ENGINEERING,FALL,2021
ISEN,663,600,45,2,1,0,0,48,3.916,0,0,0,0,0,48,GRAUL M,ENGINEERING,FALL,2021
ISEN,663,700,14,5,2,0,0,21,3.571,0,0,0,0,0,21,GRAUL M,ENGINEERING,FALL,2021
ISEN,667,600,9,19,5,1,0,34,3.058,0,0,0,0,0,34,SMITH D,ENGINEERING,FALL,2021
ISEN,667,700,5,3,2,0,0,10,3.300,0,0,0,1,0,11,SMITH D,ENGINEERING,FALL,2021
ISEN,689,601,8,2,0,0,0,10,3.800,0,0,0,0,0,10,ZAHABI M,ENGINEERING,FALL,2021
ISEN,689,699,7,1,0,0,0,8,3.875,0,0,0,0,0,8,BUKKAPATNAM S,ENGINEERING,FALL,2021
MSEN,201,500,11,15,13,3,2,44,2.681,0,0,0,2,0,46,PHARR G,ENGINEERING,FALL,2021
MSEN,205,500,23,25,14,0,0,62,3.145,0,0,0,0,0,62,TU Q,ENGINEERING,FALL,2021
MSEN,222,501,16,22,5,0,3,46,3.043,0,0,0,5,0,51,KOLLURU P,ENGINEERING,FALL,2021
MSEN,222,502,18,17,15,1,1,52,2.961,0,0,0,6,0,58,CASE R,ENGINEERING,FALL,2021
MSEN,222,700,58,27,10,0,0,95,3.505,0,0,0,3,0,98,CASE R,ENGINEERING,FALL,2021
MSEN,302,901,10,1,1,0,0,12,3.750,0,0,0,0,0,12,CREASY T,ENGINEERING,FALL,2021
MSEN,302,902,7,2,0,0,0,9,3.777,0,0,0,0,0,9,CREASY T,ENGINEERING,FALL,2021
MSEN,302,903,12,0,0,1,1,14,3.500,0,0,0,0,0,14,CREASY T,ENGINEERING,FALL,2021
MSEN,302,904,7,3,0,1,0,11,3.454,0,0,0,0,0,11,CREASY T,ENGINEERING,FALL,2021
MSEN,302,906,6,2,0,0,1,9,3.333,0,0,0,0,0,9,CREASY T,ENGINEERING,FALL,2021
MSEN,305,500,6,17,20,3,0,46,2.565,0,0,0,6,0,52,BULLARD J,ENGINEERING,FALL,2021
MSEN,320,500,7,26,24,4,2,63,2.507,0,0,0,3,0,66,BUTLER B,ENGINEERING,FALL,2021
MSEN,330,500,9,1,1,0,0,11,3.727,0,0,0,0,0,11,CAGIN T,ENGINEERING,FALL,2021
MSEN,401,500,4,5,5,0,0,14,2.928,0,0,0,0,0,14,SRIVASTAVA A,ENGINEERING,FALL,2021
MSEN,401,501,4,4,4,0,0,12,3.000,0,0,0,0,0,12,SRIVASTAVA A,ENGINEERING,FALL,2021
MSEN,401,502,0,9,4,0,0,13,2.692,0,0,0,0,0,13,SRIVASTAVA A,ENGINEERING,FALL,2021
MSEN,401,503,4,8,0,0,0,12,3.333,0,0,0,0,0,12,SRIVASTAVA A,ENGINEERING,FALL,2021
MSEN,410,500,4,22,17,0,0,43,2.697,0,0,0,0,0,43,RADOVIC M,ENGINEERING,FALL,2021
MSEN,430,500,13,10,0,0,0,23,3.565,0,0,0,1,0,24,CAGIN T,ENGINEERING,FALL,2021
MSEN,440,500,12,7,1,1,0,21,3.428,0,0,0,2,0,23,CASTANEDA-LOPEZ H,ENGINEERING,FALL,2021
MSEN,489,501,6,5,0,1,0,12,3.333,0,0,0,0,0,12,PENTZER E,ENGINEERING,FALL,2021
MSEN,489,502,4,3,1,1,0,9,3.111,0,0,0,0,0,9,WARE T,ENGINEERING,FALL,2021
MSEN,491,503,4,2,0,0,0,6,3.000,0,0,0,0,0,6,SHAMBERGER P,ENGINEERING,FALL,2021
MSEN,601,600,10,20,5,0,0,35,3.142,0,0,0,3,0,38,QIAN X,ENGINEERING,FALL,2021
MSEN,603,600,26,14,2,1,0,43,3.511,0,0,0,0,0,43,SUKHISHVILI S,ENGINEERING,FALL,2021
MSEN,605,600,6,1,0,0,0,7,3.857,0,0,0,0,0,7,TALREJA R,ENGINEERING,FALL,2021
MSEN,614,600,24,4,0,0,0,28,3.857,0,0,0,0,0,28,XIE K,ENGINEERING,FALL,2021
MSEN,617,600,11,14,1,0,0,26,3.384,0,0,0,2,0,28,SHAMBERGER P,ENGINEERING,FALL,2021
MSEN,640,600,19,42,3,0,1,65,3.200,0,0,0,0,0,65,PARAMORE J,ENGINEERING,FALL,2021
MSEN,643,600,12,0,0,0,0,12,4.000,0,0,0,0,0,12,CASTANEDA-LOPEZ H,ENGINEERING,FALL,2021
MSEN,660,600,6,3,0,0,0,9,3.666,0,0,0,0,0,9,BRAGA NETO U,ENGINEERING,FALL,2021
MSEN,689,602,3,4,0,0,0,7,3.428,0,0,0,0,0,7,WARE T,ENGINEERING,FALL,2021
MSEN,689,603,3,3,0,0,0,6,3.500,1,0,0,0,0,7,LIN P,ENGINEERING,FALL,2021
MEEN,210,202,19,1,0,0,0,20,3.950,0,0,0,0,0,20,MOHIUDDIN M,ENGINEERING,FALL,2021
MEEN,210,503,54,12,1,1,1,69,3.695,0,0,0,0,0,69,WEAVER-ROSEN J,ENGINEERING,FALL,2021
MEEN,210,504,84,5,0,0,0,89,3.943,1,0,0,0,0,90,LEWIS H,ENGINEERING,FALL,2021
MEEN,210,505,92,5,1,0,0,98,3.928,0,0,0,1,0,99,MOHIUDDIN M,ENGINEERING,FALL,2021
MEEN,210,506,89,6,4,0,0,99,3.858,0,0,0,0,0,99,MOHIUDDIN M,ENGINEERING,FALL,2021
MEEN,221,501,6,16,20,5,6,53,2.207,2,0,0,33,0,88,CORLETO-MENA C,ENGINEERING,FALL,2021
MEEN,221,502,19,25,23,5,9,81,2.493,1,0,0,15,0,97,MCVAY M,ENGINEERING,FALL,2021
MEEN,221,503,25,22,20,11,3,81,2.679,0,0,0,14,0,95,MCVAY M,ENGINEERING,FALL,2021
MEEN,221,504,12,19,11,14,14,70,2.014,1,0,0,17,0,88,CORLETO-MENA C,ENGINEERING,FALL,2021
MEEN,225,201,15,19,5,0,1,40,3.175,0,0,0,1,0,41,CORLETO-MENA C,ENGINEERING,FALL,2021
MEEN,225,501,32,40,13,2,1,88,3.136,0,0,0,5,0,93,COPE D,ENGINEERING,FALL,2021
MEEN,225,502,32,29,18,4,1,84,3.035,0,0,0,7,0,91,COPE D,ENGINEERING,FALL,2021
MEEN,225,503,45,35,12,0,0,92,3.358,0,0,0,5,0,97,LACY T,ENGINEERING,FALL,2021
MEEN,225,504,29,23,12,6,2,72,2.986,0,0,0,3,0,75,COPE D,ENGINEERING,FALL,2021
MEEN,260,900,4,5,8,2,0,19,2.578,0,0,0,2,0,21,HAGLUND J,ENGINEERING,FALL,2021
MEEN,260,901,7,15,1,0,0,23,3.260,0,0,0,0,0,23,HAGLUND J,ENGINEERING,FALL,2021
MEEN,260,902,14,6,4,0,0,24,3.416,0,0,0,0,0,24,HAGLUND J,ENGINEERING,FALL,2021
MEEN,260,903,6,13,3,0,1,23,3.000,0,0,0,1,0,24,HAGLUND J,ENGINEERING,FALL,2021
MEEN,260,904,7,14,3,0,0,24,3.166,0,0,0,0,0,24,KOLANSKY J,ENGINEERING,FALL,2021
MEEN,260,905,8,11,3,1,0,23,3.130,0,0,0,1,0,24,KOLANSKY J,ENGINEERING,FALL,2021
MEEN,260,906,10,7,7,0,0,24,3.125,0,0,0,0,0,24,KOLANSKY J,ENGINEERING,FALL,2021
MEEN,260,907,0,12,8,0,1,21,2.476,0,0,0,1,0,22,KOLANSKY J,ENGINEERING,FALL,2021
MEEN,260,908,5,7,11,0,0,23,2.739,1,0,0,0,0,24,WEAVER-ROSEN J,ENGINEERING,FALL,2021
MEEN,260,909,8,11,5,0,1,25,3.000,0,0,0,0,0,25,WEAVER-ROSEN J,ENGINEERING,FALL,2021
MEEN,260,910,9,10,4,0,0,23,3.217,0,0,0,1,0,24,WEAVER-ROSEN J,ENGINEERING,FALL,2021
MEEN,260,911,7,11,5,0,0,23,3.086,0,0,0,0,0,23,WEAVER-ROSEN J,ENGINEERING,FALL,2021
MEEN,260,912,4,12,3,1,1,21,2.809,0,0,0,1,0,22,LEE C,ENGINEERING,FALL,2021
MEEN,260,913,0,13,8,2,0,23,2.478,0,0,0,1,0,24,LEE C,ENGINEERING,FALL,2021
MEEN,260,914,3,11,8,1,0,23,2.695,0,0,0,1,0,24,LEE C,ENGINEERING,FALL,2021
MEEN,260,915,4,11,7,2,0,24,2.708,0,0,0,0,0,24,LEE C,ENGINEERING,FALL,2021
MEEN,285,500,5,4,1,0,1,11,3.090,0,0,0,0,0,11,COPE D,ENGINEERING,FALL,2021
MEEN,305,500,31,37,19,5,1,93,2.989,0,0,0,9,0,102,WILKERSON J,ENGINEERING,FALL,2021
MEEN,315,501,22,30,26,3,1,82,2.841,1,0,0,6,0,89,CHAROENPHOL P,ENGINEERING,FALL,2021
MEEN,315,505,30,25,9,5,4,73,2.986,0,0,0,6,0,79,LAN S,ENGINEERING,FALL,2021
MEEN,344,501,23,21,36,9,2,91,2.593,1,0,0,6,0,98,JARRAHBASHI D,ENGINEERING,FALL,2021
MEEN,344,502,35,36,20,2,2,95,3.052,0,0,0,3,0,98,BANDYOPADHYAY A,ENGINEERING,FALL,2021
MEEN,344,503,38,39,16,0,4,97,3.103,0,0,0,1,0,98,CHAROENPHOL P,ENGINEERING,FALL,2021
MEEN,344,505,44,35,13,3,4,99,3.131,0,0,0,1,0,100,CHAROENPHOL P,ENGINEERING,FALL,2021
MEEN,345,501,13,1,1,0,0,15,3.800,0,0,0,0,0,15,KIM H,ENGINEERING,FALL,2021
MEEN,345,502,5,7,1,0,0,13,3.307,0,0,0,1,0,14,KIM H,ENGINEERING,FALL,2021
MEEN,345,503,12,2,1,0,0,15,3.733,0,0,0,0,0,15,KIM H,ENGINEERING,FALL,2021
MEEN,345,504,13,2,0,0,0,15,3.866,0,0,0,0,0,15,KIM H,ENGINEERING,FALL,2021
MEEN,345,505,11,5,0,0,0,16,3.687,0,0,0,0,0,16,KIM H,ENGINEERING,FALL,2021
MEEN,345,506,11,5,0,0,0,16,3.687,0,0,0,0,0,16,KIM H,ENGINEERING,FALL,2021
MEEN,345,507,9,5,1,0,0,15,3.533,0,0,0,0,0,15,KIM H,ENGINEERING,FALL,2021
MEEN,345,508,4,3,0,0,0,7,3.571,0,0,0,0,0,7,KIM H,ENGINEERING,FALL,2021
MEEN,357,501,23,39,20,4,2,88,2.875,0,0,0,6,0,94,KIM Y,ENGINEERING,FALL,2021
MEEN,357,502,25,30,9,1,0,65,3.215,1,0,0,2,0,68,ALLAIRE D,ENGINEERING,FALL,2021
MEEN,357,504,34,48,9,2,1,94,3.191,0,0,0,2,0,96,WEAVER-ROSEN J,ENGINEERING,FALL,2021
MEEN,357,505,44,35,7,6,2,94,3.202,0,0,0,4,0,98,LEE K,ENGINEERING,FALL,2021
MEEN,360,501,30,47,20,2,0,99,3.060,0,0,0,0,0,99,PHARR M,ENGINEERING,FALL,2021
MEEN,361,501,14,2,0,0,0,16,3.875,0,0,0,0,0,16,BALAWI S,ENGINEERING,FALL,2021
MEEN,361,502,15,1,0,0,0,16,3.937,0,0,0,0,0,16,BALAWI S,ENGINEERING,FALL,2021
MEEN,361,503,9,3,0,0,0,12,3.750,0,0,0,0,0,12,BALAWI S,ENGINEERING,FALL,2021
MEEN,361,504,13,3,0,0,0,16,3.812,0,0,0,0,0,16,BALAWI S,ENGINEERING,FALL,2021
MEEN,361,505,13,3,0,0,0,16,3.812,0,0,0,0,0,16,BALAWI S,ENGINEERING,FALL,2021
MEEN,361,506,15,1,0,0,0,16,3.937,0,0,0,0,0,16,BALAWI S,ENGINEERING,FALL,2021
MEEN,361,507,14,1,0,0,0,15,3.933,0,0,0,0,0,15,BALAWI S,ENGINEERING,FALL,2021
MEEN,363,501,14,36,20,7,3,80,2.637,0,0,0,16,0,96,DELGADO-MARQUEZ A,ENGINEERING,FALL,2021
MEEN,363,502,19,35,15,3,1,73,2.931,1,0,0,7,0,81,BALAWI S,ENGINEERING,FALL,2021
MEEN,363,503,27,30,27,3,0,87,2.931,0,0,0,12,0,99,KIM Y,ENGINEERING,FALL,2021
MEEN,363,505,34,35,16,0,0,85,3.211,0,0,0,8,0,93,MONTEZ C,ENGINEERING,FALL,2021
MEEN,364,501,4,13,1,0,1,19,3.000,0,0,0,0,0,19,HASNAIN Z,ENGINEERING,FALL,2021
MEEN,364,502,6,6,2,1,1,16,2.937,0,0,0,0,0,16,HASNAIN Z,ENGINEERING,FALL,2021
MEEN,364,503,8,7,4,0,0,19,3.210,0,0,0,1,0,20,HASNAIN Z,ENGINEERING,FALL,2021
MEEN,364,504,4,3,2,0,0,9,3.222,0,0,0,1,0,10,HASNAIN Z,ENGINEERING,FALL,2021
MEEN,364,505,9,9,1,0,1,20,3.250,0,0,0,0,0,20,HASNAIN Z,ENGINEERING,FALL,2021
MEEN,364,506,8,9,3,0,0,20,3.250,0,0,0,1,0,21,HASNAIN Z,ENGINEERING,FALL,2021
MEEN,364,508,7,10,5,0,0,22,3.090,0,0,0,1,0,23,HASNAIN Z,ENGINEERING,FALL,2021
MEEN,368,501,14,25,17,1,1,58,2.862,0,0,0,5,0,63,BALAWI S,ENGINEERING,FALL,2021
MEEN,368,502,9,30,14,5,0,58,2.741,0,0,0,9,0,67,SUH C,ENGINEERING,FALL,2021
MEEN,381,501,27,0,0,0,0,27,4.000,0,0,0,0,0,27,POLYCARPOU A,ENGINEERING,FALL,2021
MEEN,381,502,28,0,0,0,0,28,4.000,0,0,0,0,0,28,POLYCARPOU A,ENGINEERING,FALL,2021
MEEN,381,503,27,1,0,0,0,28,3.964,0,0,0,0,0,28,POLYCARPOU A,ENGINEERING,FALL,2021
MEEN,381,504,25,1,0,0,0,26,3.961,0,0,0,0,0,26,POLYCARPOU A,ENGINEERING,FALL,2021
MEEN,381,505,25,0,0,0,0,25,4.000,0,0,0,1,0,26,POLYCARPOU A,ENGINEERING,FALL,2021
MEEN,381,506,25,1,0,0,0,26,3.961,0,0,0,0,0,26,POLYCARPOU A,ENGINEERING,FALL,2021
MEEN,381,507,26,0,0,0,0,26,4.000,0,0,0,0,0,26,POLYCARPOU A,ENGINEERING,FALL,2021
MEEN,381,508,25,0,0,0,0,25,4.000,0,0,0,0,0,25,POLYCARPOU A,ENGINEERING,FALL,2021
MEEN,381,509,24,1,0,0,0,25,3.960,0,0,0,1,0,26,POLYCARPOU A,ENGINEERING,FALL,2021
MEEN,381,510,24,1,0,0,0,25,3.960,0,0,0,0,0,25,POLYCARPOU A,ENGINEERING,FALL,2021
MEEN,381,511,27,0,0,0,0,27,4.000,0,0,0,0,0,27,POLYCARPOU A,ENGINEERING,FALL,2021
MEEN,401,501,17,7,0,0,0,24,3.708,0,0,0,0,0,24,TSENN J,ENGINEERING,FALL,2021
MEEN,401,502,16,7,0,0,0,23,3.695,0,0,0,0,0,23,TSENN J,ENGINEERING,FALL,2021
MEEN,401,503,20,0,0,0,0,20,4.000,0,0,0,0,0,20,TSENN J,ENGINEERING,FALL,2021
MEEN,401,504,18,6,0,0,0,24,3.750,0,0,0,0,0,24,TSENN J,ENGINEERING,FALL,2021
MEEN,401,505,28,1,0,0,1,30,3.833,0,0,0,0,0,30,FULLERTON T,ENGINEERING,FALL,2021
MEEN,401,506,25,0,0,0,0,25,4.000,0,0,0,0,0,25,FULLERTON T,ENGINEERING,FALL,2021
MEEN,401,507,19,0,0,0,0,19,4.000,0,0,0,0,0,19,FULLERTON T,ENGINEERING,FALL,2021
MEEN,401,508,22,2,0,0,0,24,3.916,0,0,0,0,0,24,FULLERTON T,ENGINEERING,FALL,2021
MEEN,401,509,24,0,0,0,0,24,4.000,0,0,0,0,0,24,TSENN J,ENGINEERING,FALL,2021
MEEN,401,510,24,0,0,0,0,24,4.000,0,0,0,0,0,24,TSENN J,ENGINEERING,FALL,2021
MEEN,401,511,17,7,0,0,0,24,3.708,0,0,0,0,0,24,TSENN J,ENGINEERING,FALL,2021
MEEN,401,512,19,6,0,0,0,25,3.760,0,0,0,0,0,25,TSENN J,ENGINEERING,FALL,2021
MEEN,401,513,0,7,3,0,0,10,2.700,0,0,0,0,0,10,SCHULLER M,ENGINEERING,FALL,2021
MEEN,402,501,22,7,0,0,0,29,3.758,0,0,0,0,0,29,MCADAMS D,ENGINEERING,FALL,2021
MEEN,402,502,29,1,0,0,0,30,3.966,0,0,0,0,0,30,MCADAMS D,ENGINEERING,FALL,2021
MEEN,402,503,17,0,0,0,0,17,4.000,0,0,0,0,0,17,MCADAMS D,ENGINEERING,FALL,2021
MEEN,402,504,28,0,0,0,0,28,4.000,0,0,0,0,0,28,MCADAMS D,ENGINEERING,FALL,2021
MEEN,404,901,11,9,2,0,0,22,3.409,0,0,0,0,0,22,WRIGHT L,ENGINEERING,FALL,2021
MEEN,404,902,8,13,1,0,0,22,3.318,0,0,0,0,0,22,WRIGHT L,ENGINEERING,FALL,2021
MEEN,404,903,9,12,1,0,0,22,3.363,0,0,0,0,0,22,WRIGHT L,ENGINEERING,FALL,2021
MEEN,404,904,15,10,0,0,0,25,3.600,0,0,0,0,0,25,WRIGHT L,ENGINEERING,FALL,2021
MEEN,404,905,8,17,0,0,0,25,3.320,0,0,0,0,0,25,TAI L,ENGINEERING,FALL,2021
MEEN,404,906,6,18,0,0,0,24,3.250,0,0,0,0,0,24,TAI L,ENGINEERING,FALL,2021
MEEN,404,907,9,13,2,0,0,24,3.291,0,0,0,0,0,24,TAI L,ENGINEERING,FALL,2021
MEEN,404,908,9,14,1,0,0,24,3.333,0,0,0,0,0,24,TAI L,ENGINEERING,FALL,2021
MEEN,404,909,21,3,0,0,0,24,3.875,0,0,0,0,0,24,KIM Y,ENGINEERING,FALL,2021
MEEN,404,910,12,12,0,0,0,24,3.500,0,0,0,0,0,24,KIM Y,ENGINEERING,FALL,2021
MEEN,404,911,12,10,1,0,0,23,3.478,0,0,0,0,0,23,KIM Y,ENGINEERING,FALL,2021
MEEN,408,500,1,4,7,0,2,14,2.142,0,0,0,18,0,32,SWAROOP D,ENGINEERING,FALL,2021
MEEN,421,501,11,34,23,3,1,72,2.708,0,0,0,8,0,80,MCFARLAND J,ENGINEERING,FALL,2021
MEEN,421,502,19,18,5,0,0,42,3.333,0,0,0,7,0,49,HAGLUND J,ENGINEERING,FALL,2021
MEEN,431,500,9,10,10,0,0,29,2.965,0,0,0,3,0,32,PALAZZOLO A,ENGINEERING,FALL,2021
MEEN,433,500,2,3,0,0,0,5,3.400,0,0,0,0,0,5,KIM W,ENGINEERING,FALL,2021
MEEN,437,500,29,28,15,2,3,77,3.012,0,0,0,1,0,78,O'NEILL Z,ENGINEERING,FALL,2021
MEEN,440,500,23,7,0,0,0,30,3.766,0,0,0,1,0,31,MORENO M,ENGINEERING,FALL,2021
MEEN,441,500,18,1,0,1,0,20,3.800,0,0,0,5,0,25,SUH C,ENGINEERING,FALL,2021
MEEN,442,501,24,3,0,0,0,27,3.888,0,0,0,0,0,27,LEWIS H,ENGINEERING,FALL,2021
MEEN,444,500,14,13,4,0,0,31,3.322,0,0,0,7,0,38,LACY T,ENGINEERING,FALL,2021
MEEN,445,500,8,6,0,0,0,14,3.571,0,0,0,4,0,18,SRINIVASA A,ENGINEERING,FALL,2021
MEEN,455,500,20,18,2,0,0,40,3.450,0,0,0,0,0,40,SU H,ENGINEERING,FALL,2021
MEEN,458,500,22,14,1,0,0,37,3.567,0,0,0,1,0,38,AMIRI A,ENGINEERING,FALL,2021
MEEN,461,501,18,23,14,1,0,56,3.035,0,0,0,7,0,63,COOPER M,ENGINEERING,FALL,2021
MEEN,461,503,16,34,14,4,0,68,2.911,0,0,0,0,0,68,YU C,ENGINEERING,FALL,2021
MEEN,464,501,9,4,0,0,0,13,3.692,0,0,0,0,0,13,KIM H,ENGINEERING,FALL,2021
MEEN,464,502,13,3,0,0,0,16,3.812,0,0,0,0,0,16,KIM H,ENGINEERING,FALL,2021
MEEN,464,503,9,5,2,0,0,16,3.437,0,0,0,0,0,16,KIM H,ENGINEERING,FALL,2021
MEEN,464,504,15,0,0,0,0,15,4.000,0,0,0,0,0,15,KIM H,ENGINEERING,FALL,2021
MEEN,464,505,13,3,0,0,0,16,3.812,0,0,0,0,0,16,KIM H,ENGINEERING,FALL,2021
MEEN,464,506,6,5,4,0,0,15,3.133,0,0,0,0,0,15,KIM H,ENGINEERING,FALL,2021
MEEN,464,507,8,8,0,0,0,16,3.500,0,0,0,0,0,16,KIM H,ENGINEERING,FALL,2021
MEEN,464,508,10,6,0,0,0,16,3.625,0,0,0,0,0,16,KIM H,ENGINEERING,FALL,2021
MEEN,464,509,12,4,0,0,0,16,3.750,0,0,0,0,0,16,KIM H,ENGINEERING,FALL,2021
MEEN,464,510,11,4,0,0,0,15,3.733,0,0,0,0,0,15,KIM H,ENGINEERING,FALL,2021
MEEN,464,511,10,6,0,0,0,16,3.625,0,0,0,0,0,16,KIM H,ENGINEERING,FALL,2021
MEEN,464,512,9,3,0,0,0,12,3.750,0,0,0,1,0,13,KIM H,ENGINEERING,FALL,2021
MEEN,464,513,11,4,0,0,0,15,3.733,0,0,0,0,0,15,KIM H,ENGINEERING,FALL,2021
MEEN,464,514,11,5,0,0,0,16,3.687,0,0,0,0,0,16,KIM H,ENGINEERING,FALL,2021
MEEN,464,515,9,0,0,0,0,9,4.000,0,0,0,0,0,9,KIM H,ENGINEERING,FALL,2021
MEEN,464,516,6,9,0,0,0,15,3.400,0,0,0,0,0,15,KIM H,ENGINEERING,FALL,2021
MEEN,469,500,62,0,1,0,0,63,3.968,0,0,0,2,0,65,PATE M,ENGINEERING,FALL,2021
MEEN,472,500,7,4,1,0,0,12,3.500,0,0,0,4,0,16,PETERSEN E,ENGINEERING,FALL,2021
MEEN,475,502,21,30,6,1,0,58,3.224,0,0,0,1,0,59,BALAWI S,ENGINEERING,FALL,2021
MEEN,475,503,29,16,0,0,0,45,3.644,0,0,0,0,0,45,ERDEMIR A,ENGINEERING,FALL,2021
MEEN,485,557,18,0,0,0,0,18,4.000,0,0,0,0,0,18,SARIPALLI S,ENGINEERING,FALL,2021
MEEN,489,500,16,3,1,0,0,20,3.750,0,0,0,0,0,20,WANG Y,ENGINEERING,FALL,2021
MEEN,489,501,42,3,1,0,0,46,3.891,0,0,0,2,0,48,PATE M,ENGINEERING,FALL,2021
MEEN,489,502,10,4,1,0,0,15,3.600,0,0,0,2,0,17,HIPWELL M,ENGINEERING,FALL,2021
MEEN,489,503,5,2,0,0,0,7,3.714,0,0,0,0,0,7,KULATILAKA W,ENGINEERING,FALL,2021
MEEN,601,600,48,0,0,0,0,48,4.000,0,0,0,0,0,48,KRISHNAMURTHY V,ENGINEERING,FALL,2021
MEEN,601,700,15,0,0,0,0,15,4.000,0,0,0,0,0,15,KRISHNAMURTHY V,ENGINEERING,FALL,2021
MEEN,602,600,28,21,0,0,0,49,3.571,0,0,0,0,0,49,ALLAIRE D,ENGINEERING,FALL,2021
MEEN,602,601,12,33,5,0,0,50,3.140,0,0,0,2,0,52,RATHINAM S,ENGINEERING,FALL,2021
MEEN,602,700,4,6,0,0,0,10,3.400,0,0,0,1,0,11,ALLAIRE D,ENGINEERING,FALL,2021
MEEN,603,600,2,20,0,0,0,22,3.090,2,0,0,1,0,25,RAJAGOPAL K,ENGINEERING,FALL,2021
MEEN,605,600,20,6,0,0,0,26,3.769,0,0,0,1,0,27,PETERSEN E,ENGINEERING,FALL,2021
MEEN,605,700,5,8,0,0,0,13,3.384,0,0,0,0,0,13,PETERSEN E,ENGINEERING,FALL,2021
MEEN,612,600,19,5,1,2,0,27,3.518,0,0,0,4,0,31,SWAROOP D,ENGINEERING,FALL,2021
MEEN,613,600,14,7,2,1,0,24,3.416,0,0,0,2,0,26,DELGADO-MARQUEZ A,ENGINEERING,FALL,2021
MEEN,615,600,12,17,0,0,0,29,3.413,0,0,0,2,0,31,STAACK D,ENGINEERING,FALL,2021
MEEN,621,600,24,4,1,0,0,29,3.793,0,0,0,0,0,29,BANERJEE D,ENGINEERING,FALL,2021
MEEN,621,700,5,0,0,0,0,5,4.000,0,0,0,0,0,5,BANERJEE D,ENGINEERING,FALL,2021
MEEN,630,600,9,11,3,1,0,24,3.166,0,0,0,0,0,24,HAN J,ENGINEERING,FALL,2021
MEEN,632,601,19,0,0,0,0,19,4.000,0,0,0,0,0,19,LEWIS H,ENGINEERING,FALL,2021
MEEN,634,600,8,6,1,0,0,15,3.466,0,0,0,2,0,17,KIM W,ENGINEERING,FALL,2021
MEEN,643,600,14,13,0,0,0,27,3.518,0,0,0,0,0,27,WRIGHT L,ENGINEERING,FALL,2021
MEEN,645,600,20,2,0,0,0,22,3.909,0,0,0,0,0,22,SRINIVASA A,ENGINEERING,FALL,2021
MEEN,651,600,19,20,5,0,0,44,3.318,0,0,0,2,0,46,RATHINAM S,ENGINEERING,FALL,2021
MEEN,651,700,2,2,0,1,0,5,3.000,0,0,0,0,0,5,RATHINAM S,ENGINEERING,FALL,2021
MEEN,667,600,12,7,0,0,0,19,3.631,0,0,0,0,0,19,KIM W,ENGINEERING,FALL,2021
MEEN,669,600,32,1,0,0,0,33,3.969,0,0,0,0,0,33,PATE M,ENGINEERING,FALL,2021
MEEN,672,600,11,38,0,1,0,50,3.180,0,0,0,4,0,54,REDDY J,ENGINEERING,FALL,2021
MEEN,680,600,28,2,0,0,0,30,3.933,0,0,0,0,0,30,KULATILAKA W,ENGINEERING,FALL,2021
MEEN,680,700,6,3,0,0,0,9,3.666,0,0,0,0,0,9,KULATILAKA W,ENGINEERING,FALL,2021
MEEN,688,600,4,6,1,0,0,11,3.272,1,0,0,0,0,12,MULIANA H,ENGINEERING,FALL,2021
MEEN,689,600,8,2,0,0,0,10,3.800,0,0,0,0,0,10,HIPWELL M,ENGINEERING,FALL,2021
MEEN,689,601,7,1,0,0,0,8,3.875,3,0,0,2,0,13,BORAZJANI I,ENGINEERING,FALL,2021
MEEN,689,602,6,3,0,0,0,9,3.666,0,0,0,0,0,9,WANG Y,ENGINEERING,FALL,2021
MEEN,689,603,13,4,0,0,0,17,3.764,0,0,0,0,0,17,GOPALSWAMY S,ENGINEERING,FALL,2021
MEEN,689,604,17,0,0,0,0,17,4.000,0,0,0,0,0,17,BALAS M,ENGINEERING,FALL,2021
MEEN,696,600,15,0,0,0,0,15,4.000,0,0,0,0,0,15,MORENO M,ENGINEERING,FALL,2021
AREN,200,900,23,2,0,0,0,25,3.920,0,0,0,0,0,25,WALTERS F,ENGINEERING,FALL,2021
AREN,200,901,20,2,0,0,0,22,3.909,0,0,0,0,0,22,WALTERS F,ENGINEERING,FALL,2021
AREN,300,500,31,0,0,0,0,31,4.000,0,0,0,0,0,31,BRUMBELOW J,ENGINEERING,FALL,2021
AREN,320,500,18,27,3,1,1,50,3.200,0,0,0,0,0,50,WALTERS F,ENGINEERING,FALL,2021
AREN,401,500,10,11,2,0,0,23,3.347,0,0,0,0,0,23,OSBORNE L,ENGINEERING,FALL,2021
AREN,440,500,4,3,0,0,1,8,3.125,1,0,0,0,0,9,OSBORNE L,ENGINEERING,FALL,2021
ENGR,612,502,9,1,0,0,1,11,3.545,0,0,0,0,0,11,RODNEY B,ENGINEERING,FALL,2021
ENGR,621,502,9,1,0,0,0,10,3.900,0,0,0,0,0,10,DONNELL J,ENGINEERING,FALL,2021
ENGR,662,603,9,2,0,0,0,11,3.818,0,0,0,0,0,11,RODNEY B,ENGINEERING,FALL,2021
ENGR,667,600,7,5,0,0,0,12,3.583,0,0,0,0,0,12,CHUNG J,ENGINEERING,FALL,2021
ITDE,201,900,16,0,1,0,0,17,3.882,0,0,0,0,0,17,BRUMBELOW J,ENGINEERING,FALL,2021
ITDE,489,500,11,5,0,0,0,16,3.687,0,0,0,0,0,16,DONNELL J,ENGINEERING,FALL,2021
MTDE,333,200,3,2,0,0,0,5,3.600,0,0,0,0,0,5,CHUNG J,ENGINEERING,FALL,2021
MTDE,333,500,33,36,4,0,0,73,3.397,0,0,0,3,0,76,CHUNG J,ENGINEERING,FALL,2021
MTDE,380,599,106,0,0,0,0,106,4.000,0,0,0,3,0,109,DAMNJANOVIC I,ENGINEERING,FALL,2021
MTDE,430,500,7,2,0,0,0,9,3.777,0,0,0,0,0,9,SHUKLA K,ENGINEERING,FALL,2021
MTDE,430,700,4,3,1,0,0,8,3.375,0,0,0,0,0,8,SHUKLA K,ENGINEERING,FALL,2021
NUEN,101,500,42,0,0,0,0,42,4.000,0,0,0,0,0,42,PEDDICORD K,ENGINEERING,FALL,2021
NUEN,101,501,22,1,0,0,0,23,3.956,0,0,0,0,0,23,PEDDICORD K,ENGINEERING,FALL,2021
NUEN,201,500,45,12,1,0,1,59,3.694,0,0,0,0,0,59,PEDDICORD K,ENGINEERING,FALL,2021
NUEN,265,500,11,12,6,3,3,35,2.714,0,0,0,0,0,35,AHMED K,ENGINEERING,FALL,2021
NUEN,301,500,4,6,14,4,5,33,2.000,1,0,0,2,0,36,TSVETKOVA G,ENGINEERING,FALL,2021
NUEN,301,501,6,16,8,0,3,33,2.666,0,0,0,2,0,35,TSVETKOVA G,ENGINEERING,FALL,2021
NUEN,301,502,6,4,9,3,2,24,2.375,0,0,0,0,0,24,TSVETKOVA G,ENGINEERING,FALL,2021
NUEN,309,500,27,15,2,0,0,44,3.568,0,0,0,0,0,44,FORD J,ENGINEERING,FALL,2021
NUEN,309,501,26,11,2,0,0,39,3.615,0,0,0,0,0,39,FORD J,ENGINEERING,FALL,2021
NUEN,330,500,10,6,3,0,1,20,3.200,0,0,0,0,0,20,CHIRAYATH S,ENGINEERING,FALL,2021
NUEN,405,901,7,6,2,0,0,15,3.333,0,0,0,0,0,15,PRASAD S,ENGINEERING,FALL,2021
NUEN,405,902,11,3,0,0,1,15,3.533,0,0,0,0,0,15,PRASAD S,ENGINEERING,FALL,2021
NUEN,405,903,7,4,4,0,0,15,3.200,0,0,0,0,0,15,PRASAD S,ENGINEERING,FALL,2021
NUEN,405,904,7,3,2,0,0,12,3.416,0,0,0,1,0,13,PRASAD S,ENGINEERING,FALL,2021
NUEN,405,905,8,3,3,0,0,14,3.357,0,0,0,0,0,14,PRASAD S,ENGINEERING,FALL,2021
NUEN,406,500,16,13,3,3,0,35,3.200,0,0,0,0,0,35,KIRKLAND K,ENGINEERING,FALL,2021
NUEN,406,501,1,22,11,1,0,35,2.657,0,0,0,0,0,35,WAER R,ENGINEERING,FALL,2021
NUEN,418,500,27,6,2,0,0,35,3.714,2,0,0,1,0,38,KURWITZ R,ENGINEERING,FALL,2021
NUEN,430,500,5,5,4,2,1,17,2.647,0,0,0,9,0,26,MOREL J,ENGINEERING,FALL,2021
NUEN,431,500,20,0,0,0,0,20,4.000,0,0,0,0,0,20,PEDDICORD K,ENGINEERING,FALL,2021
NUEN,465,500,6,3,1,2,1,13,2.846,0,0,0,2,0,15,RAIMAN S,ENGINEERING,FALL,2021
NUEN,475,500,8,10,1,0,1,20,3.200,0,0,0,2,0,22,TSVETKOVA G,ENGINEERING,FALL,2021
NUEN,485,529,6,0,0,0,0,6,4.000,0,0,0,0,0,6,TSVETKOV P,ENGINEERING,FALL,2021
NUEN,489,500,25,0,0,0,0,25,4.000,0,0,0,0,0,25,PEDDICORD K,ENGINEERING,FALL,2021
NUEN,491,506,9,0,0,0,0,9,4.000,0,0,0,0,0,9,FORD J,ENGINEERING,FALL,2021
NUEN,604,600,15,11,0,0,0,26,3.576,0,0,0,0,0,26,TSVETKOV P,ENGINEERING,FALL,2021
NUEN,605,600,19,0,0,0,0,19,4.000,0,0,0,0,0,19,FORD J,ENGINEERING,FALL,2021
NUEN,605,601,18,0,0,0,0,18,4.000,0,0,0,0,0,18,FORD J,ENGINEERING,FALL,2021
NUEN,630,600,9,3,1,0,0,13,3.615,0,0,0,0,0,13,CHIRAYATH S,ENGINEERING,FALL,2021
NUEN,650,600,15,3,0,0,0,18,3.833,0,0,0,1,0,19,MARIANNO C,ENGINEERING,FALL,2021
NUEN,661,600,9,0,0,0,0,9,4.000,0,0,0,0,0,9,MCDEAVITT S,ENGINEERING,FALL,2021
NUEN,689,600,15,0,0,0,0,15,4.000,0,0,0,0,0,15,SHAO L,ENGINEERING,FALL,2021
NUEN,689,601,7,0,0,0,0,7,4.000,0,0,0,0,0,7,PEDDICORD K,ENGINEERING,FALL,2021
OCEN,201,500,12,5,1,0,0,18,3.611,0,0,0,0,0,18,CORDES L,ENGINEERING,FALL,2021
OCEN,201,501,7,2,0,1,0,10,3.500,0,0,0,0,0,10,CORDES L,ENGINEERING,FALL,2021
OCEN,213,550,3,2,1,1,0,7,3.000,0,0,0,0,0,7,PARIHAR A,ENGINEERING,FALL,2021
OCEN,221,500,16,5,1,2,0,24,3.458,0,0,0,0,0,24,ALLEN D,ENGINEERING,FALL,2021
OCEN,311,500,7,24,26,4,2,63,2.476,0,0,0,4,0,67,DURAN VINENT O,ENGINEERING,FALL,2021
OCEN,311,550,0,2,3,2,0,7,2.000,0,0,0,0,0,7,PANCHANG V,ENGINEERING,FALL,2021
OCEN,336,501,6,9,7,0,0,22,2.954,0,0,0,1,0,23,DURAN VINENT O,ENGINEERING,FALL,2021
OCEN,336,502,2,9,7,1,0,19,2.631,0,0,0,0,0,19,DURAN VINENT O,ENGINEERING,FALL,2021
OCEN,336,503,3,10,7,0,0,20,2.800,0,0,0,0,0,20,DURAN VINENT O,ENGINEERING,FALL,2021
OCEN,336,550,2,3,2,0,0,7,3.000,0,0,0,0,0,7,CHEN X,ENGINEERING,FALL,2021
OCEN,345,500,1,1,2,2,2,8,1.625,0,0,0,0,0,8,PAREDES TOBAR L,ENGINEERING,FALL,2021
OCEN,361,500,13,17,14,2,1,47,2.660,0,0,0,0,0,47,WITHERDEN F,ENGINEERING,FALL,2021
OCEN,361,550,1,1,4,0,1,7,2.142,0,0,0,0,0,7,HORRILLO J,ENGINEERING,FALL,2021
OCEN,400,500,11,19,7,0,0,37,3.108,0,0,0,0,0,37,KAIHATU J,ENGINEERING,FALL,2021
OCEN,400,550,2,6,5,0,1,14,2.571,0,0,0,0,0,14,FIGLUS J,ENGINEERING,FALL,2021
OCEN,402,500,9,20,7,1,0,37,3.000,0,0,0,0,0,37,FALZARANO J,ENGINEERING,FALL,2021
OCEN,402,550,3,8,6,0,0,17,2.823,0,0,0,0,0,17,SUBRAMANIAN R,ENGINEERING,FALL,2021
OCEN,403,500,11,20,2,1,1,35,3.114,0,0,0,0,0,35,FALZARANO J,ENGINEERING,FALL,2021
OCEN,403,550,1,5,6,2,0,14,2.357,0,0,0,0,0,14,FALZARANO J,ENGINEERING,FALL,2021
OCEN,405,502,3,15,6,0,0,24,2.875,0,0,0,0,0,24,PARIHAR A,ENGINEERING,FALL,2021
OCEN,405,550,3,4,3,0,0,10,3.000,0,0,0,0,0,10,PARIHAR A,ENGINEERING,FALL,2021
OCEN,406,500,17,8,7,0,0,32,3.312,0,0,0,0,0,32,CHUNG J,ENGINEERING,FALL,2021
OCEN,406,550,15,0,0,0,0,15,4.000,0,0,0,0,0,15,CORDES R,ENGINEERING,FALL,2021
OCEN,408,500,4,7,1,1,0,13,3.076,0,0,0,0,0,13,CHUNG J,ENGINEERING,FALL,2021
OCEN,661,600,1,1,1,2,0,5,2.200,0,0,0,0,0,5,RODRIGUEZ I,ENGINEERING,FALL,2021
OCEN,661,650,0,5,1,1,0,7,2.571,0,0,0,0,0,7,RODRIGUEZ I,ENGINEERING,FALL,2021
OCEN,671,600,3,14,1,0,0,18,3.111,1,0,0,0,0,19,KANG H,ENGINEERING,FALL,2021
OCEN,671,650,4,2,1,0,0,7,3.428,1,0,0,0,0,8,KANG H,ENGINEERING,FALL,2021
OCEN,678,600,8,5,0,0,0,13,3.615,0,0,0,0,0,13,ALLEN D,ENGINEERING,FALL,2021
OCEN,678,650,6,1,0,0,0,7,3.857,1,0,0,0,0,8,ALLEN D,ENGINEERING,FALL,2021
OCEN,689,600,2,3,0,0,0,5,3.400,0,0,0,0,0,5,PERLIN M,ENGINEERING,FALL,2021
OCEN,689,601,13,1,1,0,0,15,3.800,0,0,0,0,0,15,WITHERDEN F,ENGINEERING,FALL,2021
PETE,201,599,31,6,2,0,1,40,3.650,0,0,0,0,0,40,SLIVA C,ENGINEERING,FALL,2021
PETE,219,501,25,35,2,1,7,70,3.000,0,0,0,6,0,76,GILDIN E,ENGINEERING,FALL,2021
PETE,225,502,5,9,0,1,0,15,3.200,0,0,0,0,0,15,LIMA H,ENGINEERING,FALL,2021
PETE,225,503,4,10,2,1,2,19,2.684,0,0,0,0,0,19,LIMA H,ENGINEERING,FALL,2021
PETE,301,501,3,6,5,3,0,17,2.529,0,0,0,4,0,21,MAGGARD J,ENGINEERING,FALL,2021
PETE,301,502,2,2,8,1,1,14,2.214,0,0,0,0,0,14,MAGGARD J,ENGINEERING,FALL,2021
PETE,301,503,9,6,4,3,0,22,2.954,0,0,0,2,0,24,MAGGARD J,ENGINEERING,FALL,2021
PETE,310,501,4,11,8,6,0,29,2.448,0,0,0,3,0,32,BARRUFET M,ENGINEERING,FALL,2021
PETE,310,502,9,11,6,5,5,36,2.388,0,0,0,2,0,38,BARRUFET M,ENGINEERING,FALL,2021
PETE,311,502,3,8,3,0,0,14,3.000,0,0,0,0,0,14,AKKUTLU I,ENGINEERING,FALL,2021
PETE,311,503,3,9,8,0,1,21,2.619,0,0,0,0,0,21,AKKUTLU I,ENGINEERING,FALL,2021
PETE,314,501,11,11,14,7,3,46,2.434,0,0,0,4,0,50,HASAN A,ENGINEERING,FALL,2021
PETE,315,501,3,17,9,0,0,29,2.793,0,0,0,4,0,33,BARRUFET M,ENGINEERING,FALL,2021
PETE,321,501,14,2,0,0,0,16,3.875,0,0,0,0,0,16,MISRA S,ENGINEERING,FALL,2021
PETE,321,502,8,3,0,0,0,11,3.727,0,0,0,0,0,11,MISRA S,ENGINEERING,FALL,2021
PETE,323,500,9,11,5,0,0,25,3.160,0,0,0,0,0,25,NASRABADI H,ENGINEERING,FALL,2021
PETE,324,501,4,20,4,0,0,28,3.000,0,0,0,0,0,28,LAPREA BIGOTT M,ENGINEERING,FALL,2021
PETE,325,501,2,5,5,0,0,12,2.750,0,0,0,0,0,12,NASCENTES ALVES I,ENGINEERING,FALL,2021
PETE,325,503,3,8,5,1,0,17,2.764,0,0,0,0,0,17,NASCENTES ALVES I,ENGINEERING,FALL,2021
PETE,335,501,33,6,0,0,1,40,3.750,0,0,0,0,0,40,ALEXANDER G,ENGINEERING,FALL,2021
PETE,335,502,44,4,0,0,3,51,3.686,0,0,0,0,0,51,ALEXANDER G,ENGINEERING,FALL,2021
PETE,353,501,3,7,9,1,1,21,2.476,0,0,0,2,0,23,SLIVA C,ENGINEERING,FALL,2021
PETE,353,502,2,7,9,4,3,25,2.040,0,0,0,8,0,33,SLIVA C,ENGINEERING,FALL,2021
PETE,355,501,11,16,7,0,0,34,3.117,0,0,0,0,0,34,LIMA H,ENGINEERING,FALL,2021
PETE,401,501,6,15,4,0,0,25,3.080,0,0,0,0,0,25,BASTIAN P,ENGINEERING,FALL,2021
PETE,401,502,8,19,1,0,1,29,3.137,0,0,0,0,0,29,KIM J,ENGINEERING,FALL,2021
PETE,402,501,21,2,0,0,0,23,3.913,0,0,0,0,0,23,JOCHEN V,ENGINEERING,FALL,2021
PETE,402,502,6,10,1,1,0,18,3.166,0,0,0,0,0,18,SCHECHTER D,ENGINEERING,FALL,2021
PETE,404,501,17,5,0,0,0,22,3.772,0,0,0,0,0,22,KILLOUGH J,ENGINEERING,FALL,2021
PETE,404,502,26,2,0,0,0,28,3.928,0,0,0,0,0,28,KILLOUGH J,ENGINEERING,FALL,2021
PETE,408,500,4,2,0,0,0,6,3.666,0,0,0,0,0,6,LEE W,ENGINEERING,FALL,2021
PETE,410,501,24,21,6,0,0,51,3.352,0,0,0,0,0,51,ZHU D,ENGINEERING,FALL,2021
PETE,416,500,17,3,0,0,0,20,3.850,0,0,0,0,0,20,JOCHEN J,ENGINEERING,FALL,2021
PETE,435,931,40,8,1,0,0,49,3.795,0,0,0,2,0,51,ALEXANDER G,ENGINEERING,FALL,2021
PETE,435,932,24,5,3,0,1,33,3.545,0,0,0,0,0,33,ALEXANDER G,ENGINEERING,FALL,2021
PETE,453,500,4,7,0,0,0,11,3.363,0,0,0,0,0,11,SLIVA C,ENGINEERING,FALL,2021
PETE,489,501,6,0,0,0,1,7,3.428,0,0,0,0,0,7,VON GONTEN W,ENGINEERING,FALL,2021
PETE,611,600,5,2,0,0,0,7,3.714,1,0,0,0,0,8,MAGGARD J,ENGINEERING,FALL,2021
PETE,612,600,9,0,0,0,1,10,3.600,0,0,0,0,0,10,BLASINGAME T,ENGINEERING,FALL,2021
PETE,620,600,4,2,0,0,0,6,3.666,0,0,0,0,0,6,BLASINGAME T,ENGINEERING,FALL,2021
PETE,633,600,12,2,0,0,0,14,3.857,0,0,0,0,0,14,DATTAGUPTA A,ENGINEERING,FALL,2021
PETE,659,600,12,2,0,0,0,14,3.857,0,0,0,0,0,14,WU K,ENGINEERING,FALL,2021
PETE,661,600,13,0,0,0,0,13,4.000,0,0,0,0,0,13,CUNHA J,ENGINEERING,FALL,2021
PETE,662,600,14,2,0,0,0,16,3.875,1,0,0,0,0,17,HILL A,ENGINEERING,FALL,2021
PETE,665,600,12,3,0,0,0,15,3.800,0,0,0,0,0,15,LIANG J,ENGINEERING,FALL,2021
PETE,689,603,13,1,0,0,0,14,3.928,0,0,0,0,0,14,NASRABADI H,ENGINEERING,FALL,2021
